4095,
2.006462679060543e-21,
-1.588826490930639e-11,
1.067781760123152e-10,
2.033878371578589e-10,
-3.368547124817657e-10,
-6.975275345309074e-10,
5.067736502702865e-10,
1.541512442179993e-09,
-3.968892777562715e-10,
-2.676761191520493e-09,
-2.080159709510206e-10,
3.939557943861991e-09,
1.475673659492696e-09,
-5.073649333604121e-09,
-3.486359802190184e-09,
5.758093537558612e-09,
6.201405354551170e-09,
-5.647859887892121e-09,
-9.444857965587568e-09,
4.423072322534514e-09,
1.290171840779094e-08,
-1.841555993441773e-09,
-1.613450850580305e-08,
-2.211380228458619e-09,
1.861799346736572e-08,
7.682120052516128e-09,
-1.978986179790254e-08,
-1.432256012775284e-08,
1.911325619003270e-08,
2.168313458742103e-08,
-1.614544142863568e-08,
-2.912794306071341e-08,
1.060576210649694e-08,
3.587281827394390e-08,
-2.435518384632218e-09,
-4.104488049301758e-08,
-8.157443816766796e-09,
4.375981699040086e-08,
2.067574691878792e-08,
-4.321101258156577e-08,
-3.433585766867720e-08,
3.876295193203637e-08,
4.810044933751663e-08,
-3.004019947113977e-08,
-6.073983029370292e-08,
1.700287851835187e-08,
7.091977077915636e-08,
6.442999853994698e-21,
-7.731034344069353e-08,
-2.020675239166542e-08,
7.870795553779669e-08,
4.245414703781003e-08,
-7.416082786322667e-08,
-6.522613694088528e-08,
6.308697208707250e-08,
8.673977841369578e-08,
-4.537338890492839e-08,
-1.050645861498254e-07,
2.144584240645725e-08,
1.182683116909730e-07,
7.699827106428547e-09,
-1.245792187925397e-07,
-4.051137956368012e-08,
1.225526377045046e-07,
7.494210616965405e-08,
-1.112281474777174e-07,
-1.085604887548621e-07,
9.026334035111650e-08,
1.387030209569984e-07,
-6.003086920533633e-08,
-1.626616543372006e-07,
2.166738437227217e-08,
1.778937639556694e-07,
2.293404770851204e-08,
-1.822396807117053e-07,
-7.119255459672430e-08,
1.741309923854535e-07,
1.199690540214760e-07,
-1.527721885539790e-07,
-1.657519062899163e-07,
1.182789485562377e-07,
2.048888410914967e-07,
-7.175847885244435e-08,
-2.338509484353256e-07,
1.532072104780144e-08,
2.495108970763746e-07,
4.798620868752121e-08,
-2.494150575029661e-07,
-1.143176066274971e-07,
2.320281293731173e-07,
1.792461946013206e-07,
-1.969293803869014e-07,
-2.380380481170422e-07,
1.449417576171352e-07,
2.859744183354308e-07,
-7.817887243791936e-08,
-3.186987664809762e-07,
7.685721622049588e-20,
3.325649291012085e-07,
8.513053072628870e-08,
-3.249605303822333e-07,
-1.718762555896911e-07,
2.945797894074620e-07,
2.543433688132195e-07,
-2.416218463613045e-07,
-3.264601411337164e-07,
1.678946223898894e-07,
3.823977428792132e-07,
-7.680985768818251e-08,
-4.170046275744294e-07,
-2.673797418557846e-08,
4.262237762093463e-07,
1.366081402293011e-07,
-4.074613328732563e-07,
-2.457562900458752e-07,
3.598766585102722e-07,
3.466657141968198e-07,
-2.845676128859144e-07,
-4.318421096531376e-07,
1.846307998458278e-07,
4.943405584412641e-07,
-6.508426671756364e-08,
-5.282891435743498e-07,
-6.735072646757544e-08,
5.293716663273295e-07,
2.046023447474342e-07,
-4.952325631820526e-07,
-3.377186840946596e-07,
4.257704474503737e-07,
4.574302003965139e-07,
-3.232926277678052e-07,
-5.547700313720268e-07,
1.925111986471245e-07,
6.217120697046932e-07,
-4.037139073030361e-08,
-6.517830520543539e-07,
-1.242858129850089e-07,
6.406042441887736e-07,
2.912129867728165e-07,
-5.863207299504257e-07,
-4.493722193480563e-07,
4.898818416861674e-07,
5.876421341015289e-07,
-3.551446710226947e-07,
-6.955720364063329e-07,
1.887834247189019e-07,
7.641335460478603e-07,
-7.808074396821820e-20,
-7.864175496170969e-07,
-1.999552510504628e-07,
7.582253054603297e-07,
3.984299244111124e-07,
-6.785071585270698e-07,
-5.821476935227864e-07,
5.496104298633769e-07,
7.380717436225028e-07,
-3.773092395716737e-07,
-8.542987817706259e-07,
1.706026716129461e-07,
9.209239681140951e-07,
5.871703878632781e-08,
-9.308160770948017e-07,
-2.967087038731044e-07,
8.802453066884835e-07,
5.281057030520688e-07,
-7.693133900337677e-07,
-7.372718143022089e-07,
6.021467196603904e-07,
9.092309707394719e-07,
-3.868274834309222e-07,
-1.030704650314113e-06,
1.350544962287562e-07,
1.091086878415913e-06,
1.384565478702190e-07,
-1.083287719787123e-06,
-4.168054616877781e-07,
1.004381805561908e-06,
6.819274996291048e-07,
-8.560087087595219e-07,
-9.157408956133485e-07,
6.444863482372503e-07,
1.101350615719926e-06,
-3.806162646857364e-07,
-1.224229839917112e-06,
7.917950970474334e-08,
1.273298611315832e-06,
2.418572410424005e-07,
-1.241822396377829e-06,
-5.623852783625509e-07,
1.128061992040135e-06,
8.613884401953838e-07,
-9.356199345434841e-07,
-1.118294493071360e-06,
6.734465905766154e-07,
1.314358000162115e-06,
-3.554904016537039e-07,
-1.433983525367116e-06,
-5.018759483003872e-20,
1.465898091033972e-06,
3.714903750020763e-07,
-1.404088019212926e-06,
-7.354381419402042e-07,
1.248427474981062e-06,
1.067758412163137e-06,
-1.004943615564492e-06,
-1.345389135825069e-06,
6.856852624269464e-07,
1.547855331272121e-06,
-3.081871490791629e-07,
-1.658728291451194e-06,
-1.054515131658673e-07,
1.666878398474374e-06,
5.298289000838327e-07,
-1.567429815891936e-06,
-9.377730787902413e-07,
1.362341490721756e-06,
1.302054514432301e-06,
-1.060560753112603e-06,
-1.597172333108841e-06,
6.777221052129330e-07,
1.801098970012364e-06,
-2.353929508891534e-07,
-1.896866051077824e-06,
-2.401018087441995e-07,
1.873880318295425e-06,
7.192151822678323e-07,
-1.728872007325951e-06,
-1.170986113864007e-06,
1.466398699396332e-06,
1.565011311468782e-06,
-1.098854183321531e-06,
-1.873457055121447e-06,
6.459627281012445e-07,
2.072979823895223e-06,
-1.337724850107986e-07,
-2.146425676316873e-06,
-4.068046187104435e-07,
2.084188086447913e-06,
9.418273916642551e-07,
-1.885122040261052e-06,
-1.436427533748729e-06,
1.556937731374115e-06,
1.857051080912267e-06,
-1.116028731322026e-06,
-2.173696909098335e-06,
5.867251673131937e-07,
2.362005102704991e-06,
4.050679961029742e-19,
-2.405052582783649e-06,
-6.083064680394583e-07,
2.294727565049477e-06,
1.199644677747346e-06,
-2.032577572465283e-06,
-1.735168624551626e-06,
1.630056639847906e-06,
2.178254268185942e-06,
-1.108134240692710e-06,
-2.496962252269217e-06,
4.962691047074488e-07,
2.666281691746676e-06,
1.692070792008029e-07,
-2.670000518436219e-06,
-8.472107873614392e-07,
2.502067075635003e-06,
1.494411278204077e-06,
-2.167336406113628e-06,
-2.067968082750444e-06,
1.681631406171109e-06,
2.528330385447533e-06,
-1.071091565413770e-06,
-2.841917503392263e-06,
3.708277666982508e-07,
2.983501411956736e-06,
3.770523239696297e-07,
-2.938125816264660e-06,
-1.125940412637924e-06,
2.702421123247435e-06,
1.827599736130344e-06,
-2.285209559147847e-06,
-2.435238323735861e-06,
1.707337631875644e-06,
2.906589615736975e-06,
-1.000721592697024e-06,
-3.206799933383448e-06,
2.066425007434663e-07,
3.310928449024610e-06,
6.266223281069149e-07,
-3.205884376207670e-06,
-1.446698615222845e-06,
2.891657242244208e-06,
2.200373429166942e-06,
-2.381737655320405e-06,
-2.837011939499780e-06,
1.702675535273325e-06,
3.311915405962083e-06,
-8.927773430421648e-07,
-3.589400232828873e-06,
5.537349969113515e-19,
3.645389244195512e-06,
9.208466917746516e-07,
-3.469331644611153e-06,
-1.811428836192054e-06,
3.065306189816660e-06,
2.613548643592227e-06,
-2.452210801160344e-06,
-3.272908583339752e-06,
1.662998351173443e-06,
3.742738353970825e-06,
-7.429791687940998e-07,
-3.987045169460699e-06,
-2.527278824430301e-07,
3.983265147300855e-06,
1.262456099161038e-06,
-3.724125859373426e-06,
-2.221773330421111e-06,
3.218575704930555e-06,
3.067556456080458e-06,
-2.491692102078867e-06,
-3.742102585216962e-06,
1.583544209480965e-06,
4.197011715035419e-06,
-5.470530443803160e-07,
-4.396582661652832e-06,
-5.550418199869204e-07,
4.320488137477378e-06,
1.653938658855386e-06,
-3.965534825343336e-06,
-2.679030958299491e-06,
3.346368038401047e-06,
3.562404715421405e-06,
-2.495044950150032e-06,
-4.243291626121049e-06,
1.459471542262404e-06,
4.672188871213747e-06,
-3.007719103861069e-07,
-4.814369604266574e-06,
-9.102703236755235e-07,
4.652539918659423e-06,
2.097494710433184e-06,
-4.188446477287191e-06,
-3.184114395841418e-06,
3.443301444104352e-06,
4.097640445461238e-06,
-2.456964192831018e-06,
-4.774666822958438e-06,
1.285898039483744e-06,
5.165203122805426e-06,
-9.228263238728001e-20,
-5.236262790377016e-06,
-1.321522837883165e-06,
4.974454694991043e-06,
2.594990336174149e-06,
-4.387383476677462e-06,
-3.737507066756160e-06,
3.503735801749762e-06,
4.672313018530644e-06,
-2.372011264980511e-06,
-5.333884596743079e-06,
1.057943141080456e-06,
5.672450174145351e-06,
3.592599597365102e-07,
-5.657613276234178e-06,
-1.791640817622020e-06,
5.280825925558574e-06,
3.147909852899747e-06,
-4.556522073500786e-06,
-4.339220132457497e-06,
3.521802518097473e-06,
5.284938475245149e-06,
-2.234653336005932e-06,
-5.918040715804373e-06,
7.707740174354695e-07,
6.189773695883194e-06,
7.808168177925817e-07,
-6.073264536922881e-06,
-2.323147023180402e-06,
5.565817348029514e-06,
3.757307595242262e-06,
-4.689715445072616e-06,
-4.988749907601389e-06,
3.491438826133414e-06,
5.933465391236367e-06,
-2.039306490090418e-06,
-6.523646921842394e-06,
4.196549521166237e-07,
6.712454352287373e-06,
1.268238526132605e-06,
-6.477554756310401e-06,
-2.918193307137720e-06,
5.823178546780024e-06,
4.423759337631922e-06,
-4.780521700516979e-06,
-5.685036098935690e-06,
3.406426570471332e-06,
6.615242713761567e-06,
-1.780382920274808e-06,
-7.146610559632968e-06,
-8.455655603077869e-19,
7.235202684699796e-06,
1.824797351464553e-06,
-6.864323586783911e-06,
-3.578507208596797e-06,
6.046265322738134e-06,
5.147313737601027e-06,
-4.822236712040509e-06,
-6.426421293690954e-06,
3.260435532179687e-06,
7.326990010801039e-06,
-1.452342076845765e-06,
-7.782217640607162e-06,
-4.925712490762597e-07,
7.752156240712135e-06,
2.453413042212004e-06,
-7.226923701721001e-06,
-4.305337709317752e-06,
6.228065099313441e-06,
5.927444217207098e-06,
-4.807931902364500e-06,
-7.210612150000959e-06,
3.047071307666039e-06,
8.064770591644498e-06,
-1.049745667492873e-06,
-8.425119775980253e-06,
-1.062175015587657e-06,
8.256881332660477e-06,
3.156594264516893e-06,
-7.558237446507051e-06,
-5.099400545627427e-06,
6.361227571501584e-06,
6.763001731783767e-06,
-4.730497081928728e-06,
-8.034642765201984e-06,
2.759927714264413e-06,
8.823967970787082e-06,
-5.673163611893263e-07,
-9.069325416319714e-06,
-1.712602045105703e-06,
8.742379798438578e-06,
3.936378664682812e-06,
-7.850698872072344e-06,
-5.960823508217173e-06,
6.438100773482669e-06,
7.652168905525858e-06,
-4.582688389768957e-06,
-8.894840718237838e-06,
2.392643649932065e-06,
9.599266155789252e-06,
-1.983218842587973e-18,
-9.708195831077794e-06,
-2.447254000248406e-06,
9.201101122157460e-06,
4.794271958897778e-06,
-8.096321408229480e-06,
-6.889092198759151e-06,
6.450772703758519e-06,
8.592416041127366e-06,
-4.357181348395304e-06,
-9.786796298968630e-06,
1.938964286547164e-06,
1.038463424414213e-05,
6.569689262564880e-07,
-1.033444625338555e-05,
-3.269077884950229e-06,
9.624960251743417e-06,
5.731186493527829e-06,
-8.286731402666423e-06,
-7.882996746888585e-06,
6.391118606408269e-06,
9.580459535116014e-06,
-4.046628996062975e-06,
-1.070533544975954e-05,
1.392806425854242e-06,
1.117331581389248e-05,
1.407998838252238e-06,
-1.094015260213931e-05,
-4.180498903672054e-06,
1.000536142506106e-05,
6.747379760472420e-06,
-8.413207715254074e-06,
-8.940580023234684e-06,
6.250853962425962e-06,
1.061222325139307e-05,
-3.643725009634935e-06,
-1.164449695287305e-05,
7.483277944358744e-07,
1.195782358747356e-05,
2.257070005527134e-06,
-1.151676417486124e-05,
-5.183352205263866e-06,
1.033322828544024e-05,
7.842393391529432e-06,
-8.466727516356862e-06,
-1.005908791334175e-05,
6.021593196456502e-06,
1.168280342233117e-05,
-3.141271678031335e-06,
-1.259751440039700e-05,
8.877646987397187e-19,
1.272993983755796e-05,
3.207661263996819e-06,
-1.205512268090492e-05,
-6.278814006956043e-06,
1.059904053173439e-05,
9.014993192548966e-06,
-8.438018392472285e-06,
-1.123492224271592e-05,
5.694914052156871e-06,
1.278643765895847e-05,
-2.532252530796305e-06,
-1.355680348153077e-05,
-8.573151840337757e-07,
1.348072298766235e-05,
4.262674962942129e-06,
-1.254548795523450e-05,
-7.467332638154328e-06,
1.079287730723392e-05,
1.026311081212034e-05,
-8.317616812826909e-06,
-1.246359696463550e-05,
5.262427533990962e-06,
1.391647865907354e-05,
-1.809909368760808e-06,
-1.451395511467647e-05,
-1.828286594811096e-06,
1.420052083845642e-05,
5.424360642700378e-06,
-1.297757065811315e-05,
-8.748560085838607e-06,
1.090446748591597e-05,
1.158378767012656e-05,
-8.095932956665161e-06,
-1.373969823930393e-05,
4.715853254782432e-06,
1.506537320418628e-05,
-9.678233844431189e-07,
-1.545973493861083e-05,
-2.917031962211788e-06,
1.487899082317977e-05,
6.694237993390010e-06,
-1.334057222578589e-05,
-1.012128466241860e-05,
1.092324696407602e-05,
1.297312179782629e-05,
-7.763321843557642e-06,
-1.505684904467727e-05,
4.047099967666348e-06,
1.622464703245624e-05,
1.063532641272156e-18,
-1.638408965796731e-05,
-4.127034197516615e-06,
1.550512766223170e-05,
8.073019692240538e-06,
-1.362323229166020e-05,
-1.158336545269122e-05,
1.083842301043748e-05,
1.442621826301816e-05,
-7.310160648254044e-06,
-1.640767896573628e-05,
3.248350998353959e-06,
1.738489616521639e-05,
1.099043010383135e-06,
-1.727616071310983e-05,
-5.461056243743746e-06,
1.606729874776309e-05,
9.560534761925588e-06,
-1.381388374660677e-05,
-1.313166922855626e-05,
1.063904566853660e-05,
1.593714387082913e-05,
-6.726932017693304e-06,
-1.778379980968612e-05,
2.312154229243342e-06,
1.853578524891942e-05,
2.334184606993208e-06,
-1.812430571314435e-05,
-6.921055095392505e-06,
1.655328754418385e-05,
1.115565313358110e-05,
-1.390051555132831e-05,
-1.476201054737262e-05,
1.031408614229448e-05,
1.749888684192772e-05,
-6.004313141742159e-06,
-1.917578768898400e-05,
1.231516222004971e-06,
1.966605345213542e-05,
3.709607333021246e-06,
-1.891612803332803e-05,
-8.508095645643782e-06,
1.695034523998289e-05,
1.285621213580964e-05,
-1.387084335338719e-05,
-1.646909577218380e-05,
9.852522029354722e-06,
1.910332217544498e-05,
-5.133270261210711e-06,
-2.057317220220646e-05,
-4.145307342674849e-18,
2.076352842859879e-05,
5.228702536378478e-06,
-1.963851493441142e-05,
-1.022226506662770e-05,
1.724525083018327e-05,
1.465894566439971e-05,
-1.371238789662194e-05,
-1.824647176903103e-05,
9.243429197284280e-06,
2.074118340318442e-05,
-4.105158227096612e-06,
-2.196443332427065e-05,
-1.388174053308809e-06,
2.181514882206011e-05,
6.893974632414059e-06,
-2.027768451171718e-05,
-1.206258847189477e-05,
1.742437974768856e-05,
1.655941681558562e-05,
-1.341256114217668e-05,
-2.008648004727303e-05,
8.476080026206824e-06,
2.240204143416147e-05,
-2.911824655109748e-06,
-2.333700659208396e-05,
-2.938024787364234e-06,
2.280699574690523e-05,
8.706945128459859e-06,
-2.081924172615997e-05,
-1.402694664967486e-05,
1.747378109586343e-05,
1.855195478843800e-05,
-1.295875994837017e-05,
-2.198021711328415e-05,
7.540047668006528e-06,
2.407429117421803e-05,
-1.545718149451298e-06,
-2.467729713943272e-05,
-4.653705038701890e-06,
2.372433363016731e-05,
1.066805718146912e-05,
-2.124824370800234e-05,
-1.611199669035451e-05,
1.737926346412891e-05,
2.062959687893143e-05,
-1.233846708141129e-05,
-2.391750180573731e-05,
6.425315897269744e-06,
2.574514658412706e-05,
-3.166612730054346e-18,
-2.597070309566581e-05,
-6.538395275858661e-06,
2.455166074588001e-05,
1.277658150574974e-05,
-2.154927445756354e-05,
-1.831309636050735e-05,
1.712648923412313e-05,
2.278403639828856e-05,
-1.153935925200578e-05,
-2.588685037100595e-05,
5.122394054335585e-06,
2.740064481078048e-05,
1.731341310690289e-06,
-2.720164881648020e-05,
-8.594196920999947e-06,
2.527276971185828e-05,
1.503052448921487e-05,
-2.170652899541445e-05,
-2.062423309908124e-05,
1.670107720607420e-05,
2.500557735165922e-05,
-1.054942179354504e-05,
-2.787546002062000e-05,
3.622436505404100e-06,
2.902565999012479e-05,
3.653373520640103e-06,
-2.835362836207592e-05,
-1.082202618723084e-05,
2.587081815222254e-05,
1.742653941254146e-05,
-2.170390693837578e-05,
-2.303795852801935e-05,
1.608871329422994e-05,
2.728309670929226e-05,
-9.357069517778949e-06,
-2.986920168816785e-05,
1.917365970824244e-06,
3.060392727701579e-05,
5.770102715145408e-06,
-2.940925957815651e-05,
-1.322150931888357e-05,
2.632840965661872e-05,
1.995984169569960e-05,
-2.152511539732034e-05,
-2.554532937914472e-05,
1.527526895724546e-05,
2.960401509076304e-05,
-7.951273203317791e-06,
-3.185262267102411e-05,
-4.116897107878055e-19,
3.211807760646708e-05,
8.084355020008413e-06,
-3.035034906907680e-05,
-1.579088016504528e-05,
2.662768508969367e-05,
2.262412911967852e-05,
-2.115378100913108e-05,
-2.813585574146771e-05,
1.424692694465064e-05,
3.195427666351232e-05,
-6.321691092275780e-06,
-3.380895980236997e-05,
-2.135820198787544e-06,
3.354968363280967e-05,
1.059765876993291e-05,
-3.115796828008450e-05,
-1.852688105405525e-05,
2.675042422219702e-05,
2.541150798785338e-05,
-2.057357082843671e-05,
-3.079745752733757e-05,
1.299031385517781e-05,
3.431833902940112e-05,
-4.458804691713747e-06,
-3.572016375126669e-05,
-4.495099432092985e-06,
3.487931722833487e-05,
1.331012811144493e-05,
-3.181254082747081e-05,
-2.142466796757435e-05,
2.667815756878860e-05,
2.831242620039238e-05,
-1.976832171585563e-05,
-3.351643004228715e-05,
1.149263891692074e-05,
3.667917383746174e-05,
-2.354058099495564e-06,
-3.756693499322322e-05,
-7.081557620224314e-06,
3.608661885135788e-05,
1.622034904443292e-05,
-3.229394113213809e-05,
-2.447772103647940e-05,
2.639228822798682e-05,
3.131561421595422e-05,
-1.872217776931261e-05,
-3.627741952135358e-05,
9.741838314230439e-06,
3.901827881716871e-05,
-3.172072647478021e-18,
-3.932877193075592e-05,
-9.897499301370672e-06,
3.715037901561295e-05,
1.932526894521371e-05,
-3.258160432388578e-05,
-2.767776139726860e-05,
2.587422342699122e-05,
3.440803486775463e-05,
-1.741973525373458e-05,
-3.906340946396623e-05,
7.726724302891134e-06,
4.131570187447704e-05,
2.609572595203614e-06,
-4.098403157322483e-05,
-1.294368457364750e-05,
3.804863200889107e-05,
2.262009064570407e-05,
-3.265464729134772e-05,
-3.101467545586959e-05,
2.510551537933032e-05,
3.757484298512783e-05,
-1.584619439361678e-05,
-4.185571856038398e-05,
5.437138273651956e-06,
4.355007783284500e-05,
5.479469853119435e-06,
-4.251000310804718e-05,
-1.621920255470696e-05,
3.875876191951492e-05,
2.609817216715255e-05,
-3.249200065680175e-05,
-3.447644760527298e-05,
2.406801096737325e-05,
4.079935574675879e-05,
-1.398751730265911e-05,
-4.463401095476449e-05,
2.864106845985460e-06,
4.569867833344261e-05,
8.612964923865202e-06,
-4.388299461155337e-05,
-1.972134847848500e-05,
3.925762093494436e-05,
2.975093322307023e-05,
-3.207255135633015e-05,
-3.804910243445649e-05,
2.274400966496317e-05,
4.406303465808251e-05,
-1.183059123663204e-05,
-4.737631953339549e-05,
-2.585118839396489e-18,
4.773747533313930e-05,
1.201165115144075e-05,
-4.507843305788817e-05,
-2.344550558078873e-05,
3.952165977828431e-05,
3.356776961338111e-05,
-3.137529540508632e-05,
-4.171665744776920e-05,
2.111642901904660e-05,
4.734548000239978e-05,
-9.363396269733507e-06,
-5.005908286178065e-05,
-3.161309815213093e-06,
4.964121855605656e-05,
1.567530184672253e-05,
-4.607097768885547e-05,
-2.738503295001934e-05,
3.952707004662057e-05,
3.753597662992249e-05,
-3.037950032573150e-05,
-4.546108728610561e-05,
1.916897691426207e-05,
5.062443856311214e-05,
-6.575176412472726e-06,
-5.265719632108137e-05,
-6.624288722257311e-06,
5.138352716476528e-05,
1.960173381989857e-05,
-4.683464670712424e-05,
-3.153116053467536e-05,
3.924993811028248e-05,
4.164068258258478e-05,
-2.906487661571711e-05,
-4.926230040420043e-05,
1.688632975118262e-05,
5.387582535357389e-05,
-3.456613111621879e-06,
-5.514407791330412e-05,
-1.039158378777993e-05,
5.293699582129241e-05,
2.378667590228020e-05,
-4.734295715064446e-05,
-3.587289250598489e-05,
3.866641012542266e-05,
4.586479353462496e-05,
-2.741175752734594e-05,
-5.309812911160307e-05,
1.425431557878141e-05,
5.707376002114721e-05,
-2.261965845522860e-18,
-5.749174911609361e-05,
-1.446386795937031e-05,
5.427331520644094e-05,
2.822364371206356e-05,
-4.756907769786796e-05,
-4.039692017050791e-05,
3.775286760481373e-05,
5.018895030481965e-05,
-2.540128633460178e-05,
-5.694433382842796e-05,
1.126010113585051e-05,
6.019061851351568e-05,
3.800582302567864e-06,
-5.967093107231566e-05,
-1.883968884226243e-05,
5.536340695918805e-05,
3.290382193374277e-05,
-4.748599404245144e-05,
-4.508754561469563e-05,
3.648611288375762e-05,
5.459149875367096e-05,
-2.301561016273291e-05,
-6.077462234140503e-05,
7.892381674532921e-06,
6.319710050874228e-05,
7.949092594922469e-06,
-6.165115629754112e-05,
-2.351532262424412e-05,
5.617757288707870e-05,
3.781595538591446e-05,
-4.706668636365507e-05,
-4.992661724002534e-05,
3.484356371091275e-05,
5.904847432012081e-05,
-2.023807936211573e-05,
-6.456068477075111e-05,
4.141572363526427e-06,
6.606231301602263e-05,
1.244735801653438e-05,
-6.340089598063445e-05,
-2.848463448180224e-05,
5.668565818402915e-05,
4.294625014768287e-05,
-4.628431830497506e-05,
-5.489347831324924e-05,
3.280345608889650e-05,
6.353360171427653e-05,
-1.705345131822533e-05,
-6.827224487436582e-05,
-6.566685045770758e-18,
6.875387045239462e-05,
1.729490683876591e-05,
-6.488770283956287e-05,
-3.373894681499131e-05,
5.685722827485819e-05,
4.827828599850218e-05,
-4.511243676003243e-05,
-5.996492961219976e-05,
3.034505438683459e-05,
6.801831060123013e-05,
-1.344809750452417e-05,
-7.187712822354995e-05,
-4.537906302497828e-06,
7.123801139227501e-05,
2.248880651181923e-05,
-6.607836937732265e-05,
-3.926691666220825e-05,
5.666175878736109e-05,
5.379294139976430e-05,
-4.352518165268818e-05,
-6.511520719263642e-05,
2.744886764830637e-05,
7.247176803075692e-05,
-9.410212506566831e-06,
-7.534134768388602e-05,
-9.475426835754555e-06,
7.347973207241704e-05,
2.802350837819490e-05,
-6.693910126205410e-05,
-4.505442363967262e-05,
5.606883803321431e-05,
5.946833220954223e-05,
-4.149750478779408e-05,
-7.031597623592716e-05,
2.409687092467966e-05,
7.686092827795256e-05,
-4.930023674795880e-06,
-7.862920652687300e-05,
-1.481336685766643e-05,
7.544293661531306e-05,
3.389070047701737e-05,
-6.743570543206309e-05,
-5.108446973252312e-05,
5.504838125986027e-05,
6.527976527356355e-05,
-3.900539674223932e-05,
-7.553634186183654e-05,
2.027273037549391e-05,
8.115060066160155e-05,
1.628151287431422e-19,
-8.170341938316580e-05,
-2.054987745544279e-05,
7.709060381033434e-05,
4.007916986565121e-05,
-6.753379240186035e-05,
-5.733709223471336e-05,
5.357085581816187e-05,
7.119970797572334e-05,
-3.602612066277104e-05,
-8.074287770480915e-05,
1.596203079628653e-05,
8.530353580020983e-05,
5.384941248813105e-06,
-8.452525112727958e-05,
-2.668028319847406e-05,
7.838497016462634e-05,
4.657467587648032e-05,
-6.719899211989323e-05,
-6.378929109430081e-05,
5.160751627519264e-05,
7.719777476129417e-05,
-3.253845174004952e-05,
-8.589967295637602e-05,
1.115250416133324e-05,
8.928053065099875e-05,
1.122723162823460e-05,
-8.705467365747163e-05,
-3.319691807967482e-05,
7.928772880602817e-05,
5.335983570594959e-05,
-6.639718260384138e-05,
-7.041497186804114e-05,
4.913064838983102e-05,
8.324073156464871e-05,
-2.852292103688250e-05,
-9.096839847174049e-05,
5.834257703710289e-06,
9.304055255569050e-05,
1.752645390431436e-05,
-8.925054040397855e-05,
-4.008897124532788e-05,
7.976024368943393e-05,
6.041402369961528e-05,
-6.509473045665127e-05,
-7.718490542442672e-05,
4.611382076233377e-05,
8.929251898117422e-05,
-2.396206226474595e-05,
-9.590839242505025e-05,
8.837920219444380e-18,
9.654088238899680e-05,
2.427915127737129e-05,
-9.107077826475331e-05,
-4.734234400132609e-05,
7.976377842653692e-05,
6.771328565220182e-05,
-6.325874224607601e-05,
-8.406670545869757e-05,
4.253214286762517e-05,
9.531429492133905e-05,
-1.884066002789826e-05,
-1.006767658761979e-04,
-6.354736516906945e-06,
9.973727677249920e-05,
3.147864501871147e-05,
-9.247259653169029e-05,
-5.493951956005056e-05,
7.925973892829084e-05,
7.523026938409288e-05,
-6.085732561421660e-05,
-9.102482479593007e-05,
3.836252808777750e-05,
1.012644973731331e-04,
-1.314599798803673e-05,
-1.052285284833411e-04,
-1.323137822739255e-05,
1.025841491789965e-04,
3.911486208884111e-05,
-9.341271223268343e-05,
-6.285944695442593e-05,
7.820992892125098e-05,
8.293417278528055e-05,
-5.785985887301724e-05,
-9.802057135946901e-05,
3.358396027354732e-05,
1.070989277781138e-04,
-6.868105346826089e-06,
-1.095167344599526e-04,
-2.062809980825534e-05,
1.050347696112226e-04,
4.717417429195436e-05,
-9.384759117706874e-05,
-7.107744049615723e-05,
7.657681727343233e-05,
9.079071043603702e-05,
-5.423726773666758e-05,
-1.050121445731536e-04,
2.817776228733555e-05,
1.127708553973992e-04,
4.919739790711329e-18,
-1.134926487343224e-04,
-2.853962216897519e-05,
1.070414823955549e-04,
5.563925049264574e-05,
-9.373370385569080e-05,
-7.956509609195150e-05,
7.432381594434479e-05,
9.876209981927649e-05,
-4.996230774463598e-05,
-1.119546928463702e-04,
2.212786491294014e-05,
1.182311429069354e-04,
7.462073315993273e-06,
-1.171059331241041e-04,
-3.695702047581029e-05,
1.085559414866915e-04,
6.448892337946727e-05,
-9.302779521219671e-05,
-8.829022565462987e-05,
7.141556725914114e-05,
1.068070680331202e-04,
-4.500985084119333e-05,
-1.188003926617320e-04,
1.542107446237607e-05,
1.234283933179142e-04,
1.551841158298659e-05,
-1.203048521894558e-04,
-4.586754387994121e-05,
1.095293625345676e-04,
7.369807220416201e-05,
-9.168716717171117e-05,
-9.721681075715960e-05,
6.781823909812615e-05,
1.148808797952497e-04,
-3.935717449816145e-05,
-1.254985496476647e-04,
8.047337365818754e-06,
1.283091181686442e-04,
2.416563046904809e-05,
-1.230364982771001e-04,
-5.525444853201244e-05,
1.099127908217219e-04,
8.323752285492117e-05,
-8.966997268670024e-05,
-1.063049765753486e-04,
6.349982649256266e-05,
1.229353874023634e-04,
-3.298425169977630e-05,
-1.319957218721547e-04,
6.667939151704426e-18,
1.328179267800798e-04,
3.339645140030418e-05,
-1.252470351150883e-04,
-6.509684541833433e-05,
1.096573840383202e-04,
9.307396653870818e-05,
-8.693551994058106e-05,
-1.155109870495820e-04,
5.843045802747925e-05,
1.309191031692292e-04,
-2.587404005353063e-05,
-1.382358654405370e-04,
-8.723938005517747e-06,
1.368977362091043e-04,
4.319950040828923e-05,
-1.268819591654132e-04,
-7.536956449136254e-05,
1.087147087249059e-04,
1.031698982497499e-04,
-8.344458523680781e-05,
-1.247872620694749e-04,
5.258270537133271e-05,
1.387772947241923e-04,
-1.801276824748277e-05,
-1.441605023209626e-04,
-1.812357874800031e-05,
1.404900013731225e-04,
5.355912038457545e-05,
-1.278863777906697e-04,
-8.604303648854296e-05,
1.070370490815326e-04,
1.134835760888640e-04,
-7.915973299727470e-05,
-1.340824173465107e-04,
4.593189418361293e-05,
1.464521033810871e-04,
-9.390218045636261e-06,
-1.497089101562870e-04,
-2.819389106649839e-05,
1.435349646575386e-04,
6.445519832044819e-05,
-1.282053031421873e-04,
-9.708319374132052e-05,
1.045777267162004e-04,
1.239690023734759e-04,
-7.404564120075688e-05,
-1.433413274893500e-04,
3.845641459646011e-05,
1.538826856424473e-04,
1.311580080042525e-17,
-1.548183336520829e-04,
-3.892548731347693e-05,
1.459719241553775e-04,
7.586300903851065e-05,
-1.277839605322108e-04,
-1.084513911678854e-04,
1.012914297877633e-04,
1.345759273393884e-04,
-6.806943050896518e-05,
-1.525052126365268e-04,
3.013802942380240e-05,
1.610053777173770e-04,
1.016017894102750e-05,
-1.594242169585177e-04,
-5.030441355705207e-05,
1.477395195274611e-04,
8.775307683490393e-05,
-1.265681099137269e-04,
-1.201043485190945e-04,
9.713454989063888e-05,
1.452498760830738e-04,
-6.120099525748855e-05,
-1.615117488308495e-04,
2.096217822448964e-05,
1.677538827593760e-04,
2.108825772954250e-05,
-1.634604562896565e-04,
-6.231195482572607e-05,
1.487760343127404e-04,
1.000910563476653e-04,
-1.245043789583738e-04,
-1.319941148093055e-04,
9.206552493009315e-05,
1.559321992298522e-04,
-5.341333443323232e-05,
-1.702952021400857e-04,
1.091827533593730e-05,
1.740594803462475e-04,
3.277757518578478e-05,
-1.668596718491220e-04,
-7.492445692679702e-05,
1.490197133632215e-04,
1.128376338460113e-04,
-1.215406060978146e-04,
-1.440680557105438e-04,
8.604518615038747e-05,
1.665601476366097e-04,
-4.468288071750445e-05,
-1.787865863412227e-04,
1.590950461272675e-18,
1.798512575373071e-04,
4.521663734811154e-05,
-1.695534979567054e-04,
-8.811316626989912e-05,
1.484090939283948e-04,
1.259484499968535e-04,
-1.176261917790149e-04,
-1.562688645198271e-04,
7.903710740560571e-05,
1.770669712506772e-04,
-3.498982564795762e-05,
-1.869138437903110e-04,
-1.179442327337790e-05,
1.850563606528278e-04,
5.838889984502693e-05,
-1.714728900977247e-04,
-1.018440890108919e-04,
1.468833487700817e-04,
1.393740450111757e-04,
-1.127124560783145e-04,
-1.685345971279447e-04,
7.100795470317954e-05,
1.873820420474766e-04,
-2.431843894487500e-05,
-1.946020488979099e-04,
-2.446195591542196e-05,
1.896002667286521e-04,
7.227256683553408e-05,
-1.725484474475412e-04,
-1.160778706954408e-04,
1.443826395523312e-04,
1.530598269014057e-04,
-1.067530007258267e-04,
-1.807987312216161e-04,
6.192783400631632e-05,
1.974310007614106e-04,
-1.265738005569827e-05,
-2.017736334228378e-04,
-3.799448982993689e-05,
1.934070734059154e-04,
8.684040795320376e-05,
-1.727107492575681e-04,
-1.307696974256485e-04,
1.408484786244327e-04,
1.669460633916403e-04,
-9.970407351256773e-05,
-1.929902497402412e-04,
5.177063525558385e-05,
2.071359269059498e-04,
-2.133897720576837e-17,
-2.083486325841506e-04,
-5.237860691347535e-05,
1.963998058226848e-04,
1.020595945568178e-04,
-1.718907033289845e-04,
-1.458692193996903e-04,
1.362240971973654e-04,
1.809678978179634e-04,
-9.152493298624170e-05,
-2.050337483854660e-04,
4.051437055973882e-05,
2.164155313509775e-04,
1.365536835288023e-05,
-2.142449507744125e-04,
-6.759535512538928e-05,
1.985007388826776e-04,
1.178915564355162e-04,
-1.700199046455506e-04,
-1.613204974802284e-04,
1.304548178077635e-04,
1.950553891334507e-04,
-8.217821129119069e-05,
-2.168495667446258e-04,
2.814150451537252e-05,
2.251853704894334e-04,
2.830513337319965e-05,
-2.193786454369362e-04,
-8.362004254368337e-05,
1.996317330859399e-04,
1.342918599418052e-04,
-1.670310020907329e-04,
-1.770619732320014e-04,
1.234884288707021e-04,
2.091335758917884e-04,
-7.163027297557550e-05,
-2.283539423382865e-04,
1.463927464594271e-05,
2.333580807802171e-04,
4.394018283372935e-05,
-2.236642274458818e-04,
-1.004220506931442e-04,
1.997145819186043e-04,
1.512101083274965e-04,
-1.628580710349443e-04,
-1.930264626347987e-04,
1.152755590413854e-04,
2.231225638266656e-04,
-5.985156757197911e-05,
-2.394591866388366e-04,
-7.832567759218291e-18,
2.408436322009854e-04,
6.054563873755627e-05,
-2.270149761020861e-04,
-1.179646682572794e-04,
1.986713686150684e-04,
1.685898648346520e-04,
-1.574369894485392e-04,
-2.091411734212816e-04,
1.057700490393800e-04,
2.369376363682196e-04,
-4.681697376031038e-05,
-2.500738818293405e-04,
-1.577862397728747e-05,
2.475495988829801e-04,
7.810063026235996e-05,
-2.293432666285169e-04,
-1.362049460879375e-04,
1.964248299246917e-04,
1.863685988483284e-04,
-1.507058150768265e-04,
-2.253277457090418e-04,
9.492931853914076e-05,
2.504893871424416e-04,
-3.250613294594966e-05,
-2.601030967796800e-04,
-3.269324608996683e-05,
2.533814449292730e-04,
9.657808610789643e-05,
-2.305609078174766e-04,
-1.550935742010166e-04,
1.928987243377481e-04,
2.044776551455313e-04,
-1.426051611021788e-04,
-2.415023152943459e-04,
8.271472569418433e-05,
2.636838731852493e-04,
-1.690377012830538e-05,
-2.694486204101277e-04,
-5.073459722257464e-05,
2.582428231379697e-04,
1.159445473390365e-04,
-2.305794872476295e-04,
-1.745747811916078e-04,
1.880182020528315e-04,
2.228422459737057e-04,
-1.330785676179027e-04,
-2.575755986465912e-04,
6.909191684310765e-05,
2.764227872660957e-04,
-1.697426603682142e-17,
-2.780092102882501e-04,
-6.988724687869151e-05,
2.620358840610676e-04,
1.361600015965290e-04,
-2.293107212497958e-04,
-1.945862562196094e-04,
1.817101737966743e-04,
2.413814653637058e-04,
-1.220728661502139e-04,
-2.734529982856962e-04,
5.403116394548371e-05,
2.886036473549984e-04,
1.820938369321638e-05,
-2.856808539622328e-04,
-9.012937977449799e-05,
2.646615925260807e-04,
1.571777392952659e-04,
-2.266668065566364e-04,
-2.150590933997934e-04,
1.739036754396393e-04,
2.600083247194828e-04,
-1.095385343828916e-04,
-2.890347268394514e-04,
3.750768730859501e-05,
3.001200008800858e-04,
3.772263739194506e-05,
-2.923570401694084e-04,
-1.114325936288478e-04,
2.660200484299353e-04,
1.789442321422387e-04,
-2.225607703202494e-04,
-2.359177580784000e-04,
1.645302251830397e-04,
2.786298083287564e-04,
-9.543003816992336e-05,
-3.042159476560388e-04,
1.950196120128036e-05,
3.108616410041379e-04,
5.853181728332894e-05,
-2.979290366689470e-04,
-1.337617190583610e-04,
2.660108082771633e-04,
2.013990339867640e-04,
-2.169068149199138e-04,
-2.570800740868876e-04,
1.535241699265355e-04,
2.971469470005045e-04,
-7.970615785934488e-05,
-3.188869293878865e-04,
1.294794881995533e-17,
3.207148316951070e-04,
8.062255074091837e-05,
-3.022861710277974e-04,
-1.570746622148019e-04,
2.645332035759039e-04,
2.244747036510241e-04,
-2.096206537074798e-04,
-2.784572306286772e-04,
1.408230172511042e-04,
3.154549075512794e-04,
-6.233029589515372e-05,
-3.329332114573995e-04,
-2.100637741821363e-05,
3.295625378694292e-04,
1.039738310103701e-04,
-3.053161102326804e-04,
-1.813222704954078e-04,
2.614866518163709e-04,
2.480967489837266e-04,
-2.006198335430487e-04,
-2.999538069683877e-04,
1.263677492743181e-04,
3.334430953243579e-04,
-4.327076261564951e-05,
-3.462357767567422e-04,
-4.351930723557283e-05,
3.372846563405972e-04,
1.285578362871762e-04,
-3.069051344994218e-04,
-2.064482213097196e-04,
2.567709553326252e-04,
2.721835909209255e-04,
-1.898240396548740e-04,
-3.214678125494290e-04,
1.101031144432445e-04,
3.509952663259510e-04,
-2.250103711667447e-05,
-3.586712273119239e-04,
-6.753466630282111e-05,
3.437582426975607e-04,
1.543397740779530e-04,
-3.069384000946455e-04,
-2.323889334914934e-04,
2.502865828785089e-04,
2.966465458220583e-04,
-1.771553780049346e-04,
-3.428907395548332e-04,
9.197789311945917e-05,
3.679896448889875e-04,
-7.286494851128130e-18,
-3.701119579426161e-04,
-9.304188577457309e-05,
3.488577285553168e-04,
1.812777514480768e-04,
-3.053001853598688e-04,
-2.590735004976750e-04,
2.419349282194603e-04,
3.213898237660686e-04,
-1.625386299441616e-04,
-3.641076242336987e-04,
7.194513257548761e-05,
3.842990420115372e-04,
2.424786522781696e-05,
-3.804263221575212e-04,
-1.200237946101108e-04,
3.524551228450182e-04,
2.093226714319777e-04,
-3.018741134165155e-04,
-2.864236440305237e-04,
2.316185394399391e-04,
3.463105398277321e-04,
-1.459014734881478e-04,
-3.849971125274720e-04,
4.996234675001057e-05,
3.997909686459240e-04,
5.025230540860645e-05,
-3.894787836189236e-04,
-1.484564946285516e-04,
3.544201899220988e-04,
2.384181555104404e-04,
-2.965433442121380e-04,
-3.143536861394295e-04,
2.192413119696302e-04,
3.712987345946707e-04,
-1.271746650161194e-04,
-4.054315246256994e-04,
2.599167578711119e-05,
4.143277372111734e-04,
7.801716902395044e-05,
-3.971300454626079e-04,
-1.783092686394343e-04,
3.546205962395760e-04,
2.685004916386854e-04,
-2.891907276142816e-04,
-3.427705371990568e-04,
2.047086375140421e-04,
3.962373993108128e-04,
-1.062921745701506e-04,
-4.252769120325664e-04,
-4.264197768799717e-19,
4.277665434342346e-04,
1.075403190241245e-04,
-4.032371485363184e-04,
-2.095445229892053e-04,
3.529220161230155e-04,
2.994986068320129e-04,
-2.796989081326034e-04,
-3.715736963968146e-04,
1.879275001067246e-04,
4.210025000146900e-04,
-8.319126718572023e-05,
-4.443930995015957e-04,
-2.804099757148820e-05,
4.399595192554147e-04,
1.388135908468683e-04,
-4.076535281764176e-04,
-2.421177656720156e-04,
3.491881857491405e-04,
3.313340627690448e-04,
-2.679503705090824e-04,
-4.006552604775770e-04,
1.688065093369430e-04,
4.454629938501165e-04,
-5.781252177525852e-05,
-4.626337027527448e-04,
-5.815482642448517e-05,
4.507537459087420e-04,
1.718227994831074e-04,
-4.102290174226841e-04,
-2.759776209473255e-04,
3.432808927113679e-04,
3.639210722458270e-04,
-2.538274138002419e-04,
-4.298999354582497e-04,
1.472558593937784e-04,
4.694808293193711e-04,
-3.009977797610756e-05,
-4.798461111676789e-04,
-9.036024881939347e-05,
4.599912143433262e-04,
2.065477997248299e-04,
-4.108097825016203e-04,
-3.110658811917366e-04,
3.350598864753304e-04,
3.971665335896902e-04,
-2.372120396081283e-04,
-4.591850448002012e-04,
1.231872008396378e-04,
4.929109205683631e-04,
1.074973575433341e-17,
-4.958714225944327e-04,
-1.246714130264417e-04,
4.675087178008941e-04,
2.429626041060397e-04,
-4.092381738935627e-04,
-3.473175964901393e-04,
3.243826924892101e-04,
4.309700792939061e-04,
-2.179857377042440e-04,
-4.883805260684111e-04,
9.651340989042747e-05,
5.156010837692414e-04,
3.253695519325619e-05,
-5.105443148877034e-04,
-1.610980688113659e-04,
4.731376584973048e-04,
2.810355635475538e-04,
-4.053524732168730e-04,
-3.846612022376656e-04,
3.111043095867883e-04,
4.652241341357001e-04,
-1.960291493033311e-04,
-5.173489063492612e-04,
6.714823731868008e-05,
5.373919212037386e-04,
6.755868022330014e-05,
-5.236928357433879e-04,
-1.996458758537992e-04,
4.767037468263337e-04,
3.207296163838877e-04,
-3.989865123509930e-04,
-4.230186847892957e-04,
2.950767664358726e-04,
4.998139768508787e-04,
-1.712215845143493e-04,
-5.459452445597915e-04,
3.500581576127909e-05,
5.581166356256639e-04,
1.051106876591964e-04,
-5.351380885952657e-04,
-2.403168176789006e-04,
4.780265671201039e-04,
3.620026123374798e-04,
-3.899691364657303e-04,
-4.623057849512247e-04,
2.761485079226427e-04,
5.346177980024802e-04,
-1.434403658121684e-04,
-5.740170261528977e-04,
-2.446437288028567e-17,
5.776007537308939e-04,
1.452370294249255e-04,
-5.446937876140498e-04,
-2.831097361072015e-04,
4.769189785108880e-04,
4.048077191759168e-04,
-3.781234766484910e-04,
-5.024322388644971e-04,
2.541635762264261e-04,
5.695067449305739e-04,
-1.125599634352060e-04,
-6.014039924590759e-04,
-3.795649057741252e-05,
5.956617328689055e-04,
1.879810906445651e-04,
-5.521656489017778e-04,
-3.280210043507577e-04,
4.731863125050387e-04,
4.490939213358573e-04,
-3.632659902469557e-04,
-5.433020555879960e-04,
2.289605435355692e-04,
6.043449425099499e-04,
-7.845088104415415e-05,
-6.279378828096602e-04,
-7.895316498658990e-05,
6.121084191994437e-04,
2.333865890057775e-04,
-5.573505774269318e-04,
-3.750453609318089e-04,
4.666253200472606e-04,
4.948066218435268e-04,
-3.452052173666093e-04,
-5.848138304431934e-04,
2.003711433595156e-04,
6.389894757412487e-04,
-4.097824024729366e-05,
-6.534420623972155e-04,
-1.230831356230283e-04,
6.267403179360110e-04,
2.814988180667225e-04,
-5.600355995821930e-04,
-4.241769318735445e-04,
4.570228095122428e-04,
5.418883615644194e-04,
-3.237401895017772e-04,
-6.268610929423793e-04,
1.682185344848183e-04,
6.732903167865294e-04,
-3.469359615100462e-17,
-6.777310021863722e-04,
-1.704448331851200e-04,
6.393466265870555e-04,
3.323661824978111e-04,
-5.599964787685002e-04,
-4.754104755114979e-04,
4.441539023721836e-04,
5.902796733995813e-04,
-2.986584100994674e-04,
-6.693326878866425e-04,
1.323151148225839e-04,
7.070901746912924e-04,
4.463526954380203e-05,
-7.006095686005907e-04,
-2.211441345401036e-04,
6.497049694675841e-04,
3.860420858007381e-04,
-5.569959351507883e-04,
-5.287428933704084e-04,
4.277798140999807e-04,
6.399200938164222e-04,
-2.697333056695225e-04,
-7.121131879887438e-04,
9.245978035480468e-05,
7.402242403775792e-04,
9.309116075905278e-05,
-7.218720694968016e-04,
-2.752969963220736e-04,
6.575797551831759e-04,
4.425872476363159e-04,
-5.507813693531141e-04,
-5.841750626106273e-04,
4.076450425824121e-04,
6.907493604767845e-04,
-2.367210180810506e-04,
-7.550833361540282e-04,
4.843449521720266e-05,
7.725197920842481e-04,
1.455468805416142e-04,
-7.413009881466976e-04,
-3.330327133587851e-04,
6.627200568536751e-04,
5.020725499883193e-04,
-5.410819614914338e-04,
-6.417140616673841e-04,
3.834738126847922e-04,
7.427088333005930e-04,
-1.993563713940659e-04,
-7.981205153406323e-04,
2.452167652866076e-17,
8.037956166138666e-04,
2.022015495922225e-04,
-7.586653172257877e-04,
-3.944979562912586e-04,
6.648568855160851e-04,
5.645825410846425e-04,
-5.276049789204847e-04,
-7.013758824293480e-04,
3.549655804362183e-04,
7.957431879203282e-04,
-1.573477964014598e-04,
-8.410992437180507e-04,
-5.310956716958301e-05,
8.338611885851615e-04,
2.632795698102302e-04,
-7.737183782465239e-04,
-4.598617904879268e-04,
6.636996875213705e-04,
6.302197662771457e-04,
-5.100310745845870e-04,
-7.631887518402122e-04,
3.217893390194509e-04,
8.498024463438033e-04,
-1.103709278420716e-04,
-8.838916926550655e-04,
-1.111934337359607e-04,
8.625155320354577e-04,
3.290373513008537e-04,
-7.861949756783273e-04,
-5.293219436344001e-04,
6.589318426196944e-04,
6.991101502695771e-04,
-4.880082873877909e-04,
-8.271972263811583e-04,
2.835763846796610e-04,
9.048444315130833e-04,
-5.806049549455446e-05,
-9.263682248937628e-04,
-1.745927354989324e-04,
8.895456641942174e-04,
3.997717880198368e-04,
-7.958076851076346e-04,
-6.031126796235493e-04,
6.502048646377979e-04,
7.714097315487985e-04,
-4.611443583977322e-04,
-8.934672792337266e-04,
2.399110840082959e-04,
9.608377629126763e-04,
-9.522575378802068e-18,
-9.683979501076883e-04,
-2.437013718117145e-04,
9.147244871312511e-04,
4.758310072445313e-04,
-8.022420051565935e-04,
-6.815147626347891e-04,
6.371309020190556e-04,
8.473131570789230e-04,
-4.289968398485245e-04,
-9.620926790992317e-04,
1.903190201321974e-04,
1.017765553318542e-03,
6.429151930706200e-05,
-1.009849294900562e-03,
-3.189798996199080e-04,
9.378079448713483e-04,
5.576281106097563e-04,
-8.051500043913062e-04,
-7.648681742329938e-04,
6.192729871482861e-04,
9.270644975950612e-04,
-3.910602794466415e-04,
-1.033203072379060e-03,
1.342516618766914e-04,
1.075630028083485e-03,
1.353765793013915e-04,
-1.050590584178462e-03,
-4.009734698609813e-04,
9.585311947400878e-04,
6.456589005473150e-04,
-8.041419531558848e-04,
-8.535885034939598e-04,
5.961322700286489e-04,
1.010971163202782e-03,
-3.467494821325857e-04,
-1.106974343215405e-03,
7.106636259373184e-05,
1.134458377129293e-03,
2.139215450120171e-04,
-1.090490630724063e-03,
-4.903352121112119e-04,
9.766034417142348e-04,
7.405249878787006e-04,
-7.987752244154532e-04,
-9.481883054643583e-04,
5.671311602352452e-04,
1.099422019929366e-03,
-2.953774408951619e-04,
-1.183642064684400e-03,
-1.292603057820252e-17,
1.194310280397844e-03,
3.007260116500345e-04,
-1.129419329716897e-03,
-5.878570672230366e-04,
9.917009368500544e-04,
8.429642710655967e-04,
-7.885394427328274e-04,
-1.049305280138755e-03,
5.315908381045864e-04,
1.192911285393378e-03,
-2.361259166411122e-04,
-1.263519210725577e-03,
-7.986617159584707e-05,
1.255287742923433e-03,
3.967620067751053e-04,
-1.167248254880561e-03,
-6.945109598788087e-04,
1.003457418705530e-03,
9.538916737566389e-04,
-7.728364004124720e-04,
-1.157739965666689e-03,
4.887008955420987e-04,
1.292070505532565e-03,
-1.680057188313318e-04,
-1.347019840065879e-03,
-1.696540118672077e-04,
1.317548173708419e-03,
5.032270209300796e-04,
-1.203851252895209e-03,
-8.115045697860215e-04,
1.011450935848818e-03,
1.074454404498479e-03,
-7.509525516669066e-04,
-1.274506937001290e-03,
4.374777849571994e-04,
1.397712033939806e-03,
-8.980230031395090e-05,
-1.434691304123331e-03,
-2.707536344028301e-04,
1.381322106724526e-03,
6.216168690703896e-04,
-1.239105032694042e-03,
-9.403580997317237e-04,
1.015185454156077e-03,
1.206108165890180e-03,
-7.220207812900851e-04,
-1.400905546669756e-03,
3.767070462593755e-04,
1.510889206810583e-03,
-3.900838856346060e-17,
-1.527258866003870e-03,
-3.849142889601879e-04,
1.446937702231388e-03,
7.538275695572621e-04,
-1.272889746263675e-03,
-1.083011868680173e-03,
1.014064794246493e-03,
1.350724222367062e-03,
-6.849663472798084e-04,
-1.538619549543668e-03,
3.048615154955643e-04,
1.632981280539535e-03,
1.033254392640056e-04,
-1.625688792773641e-03,
-5.143736277646881e-04,
1.514855376997848e-03,
9.023006480550211e-04,
-1.305089557593798e-03,
-1.241980205399002e-03,
1.007355028093177e-03,
1.510742993758381e-03,
-6.384289185341339e-04,
-1.689860443632287e-03,
2.199831132533200e-04,
1.765815994663907e-03,
2.226626488769787e-04,
-1.731279629353460e-03,
-6.620456407293854e-04,
1.585717950621058e-03,
1.070235087408419e-03,
-1.335593196467521e-03,
-1.420576698537112e-03,
9.941290552342530e-04,
1.689399658226230e-03,
-5.806475384438643e-04,
-1.857578765979885e-03,
1.195078996036878e-04,
1.911850882172556e-03,
3.612959833089337e-04,
-1.845797674890411e-03,
-8.318008120210780e-04,
1.660425243392413e-03,
1.261904526710797e-03,
-1.364294493852005e-03,
-1.623252671398449e-03,
9.731828404029546e-04,
1.891064571547754e-03,
-5.092863365951620e-04,
-2.045784278878198e-03,
1.016825742674692e-17,
2.074449194151993e-03,
5.236588791231580e-04,
-1.971684019288673e-03,
-1.028895950374387e-03,
1.740248472506199e-03,
1.483146193122789e-03,
-1.391092895741712e-03,
-1.856121414604632e-03,
9.429050385619905e-04,
2.121773110635656e-03,
-4.211622192535528e-04,
-2.260046833314277e-03,
-1.432661025342789e-04,
2.258313735806693e-03,
7.158914385623975e-04,
-2.112381733043715e-03,
-1.260656070563606e-03,
1.827011887545095e-03,
1.742140831358607e-03,
-1.415893952415676e-03,
-2.127799187410179e-03,
9.010668880551615e-04,
2.390080647246242e-03,
-3.118037711548242e-04,
-2.508309425646675e-03,
-3.169861580882620e-04,
2.470195433080394e-03,
9.467545357626790e-04,
-2.272873572495864e-03,
-1.537599430601405e-03,
1.923393071164011e-03,
2.050708011441656e-03,
-1.438609780205587e-03,
-2.450811457949678e-03,
8.444693037096068e-04,
2.708502161994710e-03,
-1.747054719427294e-04,
-2.802267088285627e-03,
-5.309851047600911e-04,
2.720103899539392e-03,
1.229198055107239e-03,
-2.460607581336836e-03,
-1.875382576114523e-03,
2.033443789827411e-03,
2.426563440215484e-03,
-1.459159493020890e-03,
-2.844063737356089e-03,
7.683197995123266e-04,
3.096063229896607e-03,
-4.015836043217517e-17,
-3.159831709382510e-03,
-8.002985420704828e-04,
3.023490947413661e-03,
1.583203281336935e-03,
-2.687182158335044e-03,
-2.298359186150339e-03,
2.163547218891062e-03,
2.897489784824557e-03,
-1.477469601051251e-03,
-3.337453397702674e-03,
6.650630359063196e-04,
3.583111612581633e-03,
2.280599997791159e-04,
-3.609831832598226e-03,
-1.149164312127788e-03,
3.405461064385835e-03,
2.041296353244807e-03,
-2.971633425079022e-03,
-2.846565708581909e-03,
2.324307942035595e-03,
3.509625137176529e-03,
-1.493474374252518e-03,
-3.981152692501116e-03,
5.220108249284241e-04,
4.221132302615505e-03,
5.362746685709383e-04,
-4.201733497095262e-03,
-1.619338294911041e-03,
3.909606801783007e-03,
2.660205105299354e-03,
-3.347438090824796e-03,
-3.590719580706708e-03,
2.534641661150573e-03,
4.345546424668077e-03,
-1.507116168429598e-03,
-4.866204808353375e-03,
3.160375350602593e-04,
5.104909772734307e-03,
9.742841623546460e-04,
-5.027997354792579e-03,
-2.289403897729092e-03,
4.618725411383681e-03,
3.548467091883202e-03,
-3.879269526520430e-03,
-4.668487156214486e-03,
2.831771583411340e-03,
5.568965449643521e-03,
-1.518345711949349e-03,
-6.176618903355240e-03,
4.045048520951176e-17,
6.429967930465279e-03,
1.645510215264219e-03,
-6.283538046925317e-03,
-3.326823543796161e-03,
5.711443277578829e-03,
4.942978651499299e-03,
-4.710147606277270e-03,
-6.388105621516296e-03,
3.300241496738771e-03,
7.556581221119942e-03,
-1.527122351349907e-03,
-8.348395869484078e-03,
-5.394712085037863e-04,
8.674461956470338e-03,
2.807053188569306e-03,
-8.461588954213173e-03,
-5.163020578931689e-03,
7.656860979514269e-03,
7.478150523292873e-03,
-6.231176820419329e-03,
-9.610710965531488e-03,
4.181749881389384e-03,
1.141083747544091e-02,
-1.533414254359615e-03,
-1.272471259648235e-02,
-1.661359218774608e-03,
1.339791859223389e-02,
5.323769378805228e-03,
-1.327706230402311e-02,
-9.351279798393007e-03,
1.220826524643564e-02,
1.362140294236886e-02,
-1.003008061885599e-02,
-1.799651249904201e-02,
6.556119565543715e-03,
2.232946896532920e-02,
-1.537198569093450e-03,
-2.646979994873365e-02,
-5.421668695318189e-03,
3.027014576162844e-02,
1.505768407739176e-02,
-3.359266444674824e-02,
-2.898410809917556e-02,
3.631508935353493e-02,
5.150237805083391e-02,
-3.833614694064253e-02,
-9.865149170805276e-02,
3.958007194701890e-02,
3.157996126848340e-01,
4.600000000000000e-01,
3.157996126848340e-01,
3.958007194701890e-02,
-9.865149170805276e-02,
-3.833614694064253e-02,
5.150237805083391e-02,
3.631508935353493e-02,
-2.898410809917556e-02,
-3.359266444674824e-02,
1.505768407739176e-02,
3.027014576162844e-02,
-5.421668695318189e-03,
-2.646979994873365e-02,
-1.537198569093450e-03,
2.232946896532920e-02,
6.556119565543715e-03,
-1.799651249904201e-02,
-1.003008061885599e-02,
1.362140294236886e-02,
1.220826524643564e-02,
-9.351279798393007e-03,
-1.327706230402311e-02,
5.323769378805228e-03,
1.339791859223389e-02,
-1.661359218774608e-03,
-1.272471259648235e-02,
-1.533414254359615e-03,
1.141083747544091e-02,
4.181749881389384e-03,
-9.610710965531488e-03,
-6.231176820419329e-03,
7.478150523292873e-03,
7.656860979514269e-03,
-5.163020578931689e-03,
-8.461588954213173e-03,
2.807053188569306e-03,
8.674461956470338e-03,
-5.394712085037863e-04,
-8.348395869484078e-03,
-1.527122351349907e-03,
7.556581221119942e-03,
3.300241496738771e-03,
-6.388105621516296e-03,
-4.710147606277270e-03,
4.942978651499299e-03,
5.711443277578829e-03,
-3.326823543796161e-03,
-6.283538046925317e-03,
1.645510215264219e-03,
6.429967930465279e-03,
4.045048520951176e-17,
-6.176618903355240e-03,
-1.518345711949349e-03,
5.568965449643521e-03,
2.831771583411340e-03,
-4.668487156214486e-03,
-3.879269526520430e-03,
3.548467091883202e-03,
4.618725411383681e-03,
-2.289403897729092e-03,
-5.027997354792579e-03,
9.742841623546460e-04,
5.104909772734307e-03,
3.160375350602593e-04,
-4.866204808353375e-03,
-1.507116168429598e-03,
4.345546424668077e-03,
2.534641661150573e-03,
-3.590719580706708e-03,
-3.347438090824796e-03,
2.660205105299354e-03,
3.909606801783007e-03,
-1.619338294911041e-03,
-4.201733497095262e-03,
5.362746685709383e-04,
4.221132302615505e-03,
5.220108249284241e-04,
-3.981152692501116e-03,
-1.493474374252518e-03,
3.509625137176529e-03,
2.324307942035595e-03,
-2.846565708581909e-03,
-2.971633425079022e-03,
2.041296353244807e-03,
3.405461064385835e-03,
-1.149164312127788e-03,
-3.609831832598226e-03,
2.280599997791159e-04,
3.583111612581633e-03,
6.650630359063196e-04,
-3.337453397702674e-03,
-1.477469601051251e-03,
2.897489784824557e-03,
2.163547218891062e-03,
-2.298359186150339e-03,
-2.687182158335044e-03,
1.583203281336935e-03,
3.023490947413661e-03,
-8.002985420704828e-04,
-3.159831709382510e-03,
-4.015836043217517e-17,
3.096063229896607e-03,
7.683197995123266e-04,
-2.844063737356089e-03,
-1.459159493020890e-03,
2.426563440215484e-03,
2.033443789827411e-03,
-1.875382576114523e-03,
-2.460607581336836e-03,
1.229198055107239e-03,
2.720103899539392e-03,
-5.309851047600911e-04,
-2.802267088285627e-03,
-1.747054719427294e-04,
2.708502161994710e-03,
8.444693037096068e-04,
-2.450811457949678e-03,
-1.438609780205587e-03,
2.050708011441656e-03,
1.923393071164011e-03,
-1.537599430601405e-03,
-2.272873572495864e-03,
9.467545357626790e-04,
2.470195433080394e-03,
-3.169861580882620e-04,
-2.508309425646675e-03,
-3.118037711548242e-04,
2.390080647246242e-03,
9.010668880551615e-04,
-2.127799187410179e-03,
-1.415893952415676e-03,
1.742140831358607e-03,
1.827011887545095e-03,
-1.260656070563606e-03,
-2.112381733043715e-03,
7.158914385623975e-04,
2.258313735806693e-03,
-1.432661025342789e-04,
-2.260046833314277e-03,
-4.211622192535528e-04,
2.121773110635656e-03,
9.429050385619905e-04,
-1.856121414604632e-03,
-1.391092895741712e-03,
1.483146193122789e-03,
1.740248472506199e-03,
-1.028895950374387e-03,
-1.971684019288673e-03,
5.236588791231580e-04,
2.074449194151993e-03,
1.016825742674692e-17,
-2.045784278878198e-03,
-5.092863365951620e-04,
1.891064571547754e-03,
9.731828404029546e-04,
-1.623252671398449e-03,
-1.364294493852005e-03,
1.261904526710797e-03,
1.660425243392413e-03,
-8.318008120210780e-04,
-1.845797674890411e-03,
3.612959833089337e-04,
1.911850882172556e-03,
1.195078996036878e-04,
-1.857578765979885e-03,
-5.806475384438643e-04,
1.689399658226230e-03,
9.941290552342530e-04,
-1.420576698537112e-03,
-1.335593196467521e-03,
1.070235087408419e-03,
1.585717950621058e-03,
-6.620456407293854e-04,
-1.731279629353460e-03,
2.226626488769787e-04,
1.765815994663907e-03,
2.199831132533200e-04,
-1.689860443632287e-03,
-6.384289185341339e-04,
1.510742993758381e-03,
1.007355028093177e-03,
-1.241980205399002e-03,
-1.305089557593798e-03,
9.023006480550211e-04,
1.514855376997848e-03,
-5.143736277646881e-04,
-1.625688792773641e-03,
1.033254392640056e-04,
1.632981280539535e-03,
3.048615154955643e-04,
-1.538619549543668e-03,
-6.849663472798084e-04,
1.350724222367062e-03,
1.014064794246493e-03,
-1.083011868680173e-03,
-1.272889746263675e-03,
7.538275695572621e-04,
1.446937702231388e-03,
-3.849142889601879e-04,
-1.527258866003870e-03,
-3.900838856346060e-17,
1.510889206810583e-03,
3.767070462593755e-04,
-1.400905546669756e-03,
-7.220207812900851e-04,
1.206108165890180e-03,
1.015185454156077e-03,
-9.403580997317237e-04,
-1.239105032694042e-03,
6.216168690703896e-04,
1.381322106724526e-03,
-2.707536344028301e-04,
-1.434691304123331e-03,
-8.980230031395090e-05,
1.397712033939806e-03,
4.374777849571994e-04,
-1.274506937001290e-03,
-7.509525516669066e-04,
1.074454404498479e-03,
1.011450935848818e-03,
-8.115045697860215e-04,
-1.203851252895209e-03,
5.032270209300796e-04,
1.317548173708419e-03,
-1.696540118672077e-04,
-1.347019840065879e-03,
-1.680057188313318e-04,
1.292070505532565e-03,
4.887008955420987e-04,
-1.157739965666689e-03,
-7.728364004124720e-04,
9.538916737566389e-04,
1.003457418705530e-03,
-6.945109598788087e-04,
-1.167248254880561e-03,
3.967620067751053e-04,
1.255287742923433e-03,
-7.986617159584707e-05,
-1.263519210725577e-03,
-2.361259166411122e-04,
1.192911285393378e-03,
5.315908381045864e-04,
-1.049305280138755e-03,
-7.885394427328274e-04,
8.429642710655967e-04,
9.917009368500544e-04,
-5.878570672230366e-04,
-1.129419329716897e-03,
3.007260116500345e-04,
1.194310280397844e-03,
-1.292603057820252e-17,
-1.183642064684400e-03,
-2.953774408951619e-04,
1.099422019929366e-03,
5.671311602352452e-04,
-9.481883054643583e-04,
-7.987752244154532e-04,
7.405249878787006e-04,
9.766034417142348e-04,
-4.903352121112119e-04,
-1.090490630724063e-03,
2.139215450120171e-04,
1.134458377129293e-03,
7.106636259373184e-05,
-1.106974343215405e-03,
-3.467494821325857e-04,
1.010971163202782e-03,
5.961322700286489e-04,
-8.535885034939598e-04,
-8.041419531558848e-04,
6.456589005473150e-04,
9.585311947400878e-04,
-4.009734698609813e-04,
-1.050590584178462e-03,
1.353765793013915e-04,
1.075630028083485e-03,
1.342516618766914e-04,
-1.033203072379060e-03,
-3.910602794466415e-04,
9.270644975950612e-04,
6.192729871482861e-04,
-7.648681742329938e-04,
-8.051500043913062e-04,
5.576281106097563e-04,
9.378079448713483e-04,
-3.189798996199080e-04,
-1.009849294900562e-03,
6.429151930706200e-05,
1.017765553318542e-03,
1.903190201321974e-04,
-9.620926790992317e-04,
-4.289968398485245e-04,
8.473131570789230e-04,
6.371309020190556e-04,
-6.815147626347891e-04,
-8.022420051565935e-04,
4.758310072445313e-04,
9.147244871312511e-04,
-2.437013718117145e-04,
-9.683979501076883e-04,
-9.522575378802068e-18,
9.608377629126763e-04,
2.399110840082959e-04,
-8.934672792337266e-04,
-4.611443583977322e-04,
7.714097315487985e-04,
6.502048646377979e-04,
-6.031126796235493e-04,
-7.958076851076346e-04,
3.997717880198368e-04,
8.895456641942174e-04,
-1.745927354989324e-04,
-9.263682248937628e-04,
-5.806049549455446e-05,
9.048444315130833e-04,
2.835763846796610e-04,
-8.271972263811583e-04,
-4.880082873877909e-04,
6.991101502695771e-04,
6.589318426196944e-04,
-5.293219436344001e-04,
-7.861949756783273e-04,
3.290373513008537e-04,
8.625155320354577e-04,
-1.111934337359607e-04,
-8.838916926550655e-04,
-1.103709278420716e-04,
8.498024463438033e-04,
3.217893390194509e-04,
-7.631887518402122e-04,
-5.100310745845870e-04,
6.302197662771457e-04,
6.636996875213705e-04,
-4.598617904879268e-04,
-7.737183782465239e-04,
2.632795698102302e-04,
8.338611885851615e-04,
-5.310956716958301e-05,
-8.410992437180507e-04,
-1.573477964014598e-04,
7.957431879203282e-04,
3.549655804362183e-04,
-7.013758824293480e-04,
-5.276049789204847e-04,
5.645825410846425e-04,
6.648568855160851e-04,
-3.944979562912586e-04,
-7.586653172257877e-04,
2.022015495922225e-04,
8.037956166138666e-04,
2.452167652866076e-17,
-7.981205153406323e-04,
-1.993563713940659e-04,
7.427088333005930e-04,
3.834738126847922e-04,
-6.417140616673841e-04,
-5.410819614914338e-04,
5.020725499883193e-04,
6.627200568536751e-04,
-3.330327133587851e-04,
-7.413009881466976e-04,
1.455468805416142e-04,
7.725197920842481e-04,
4.843449521720266e-05,
-7.550833361540282e-04,
-2.367210180810506e-04,
6.907493604767845e-04,
4.076450425824121e-04,
-5.841750626106273e-04,
-5.507813693531141e-04,
4.425872476363159e-04,
6.575797551831759e-04,
-2.752969963220736e-04,
-7.218720694968016e-04,
9.309116075905278e-05,
7.402242403775792e-04,
9.245978035480468e-05,
-7.121131879887438e-04,
-2.697333056695225e-04,
6.399200938164222e-04,
4.277798140999807e-04,
-5.287428933704084e-04,
-5.569959351507883e-04,
3.860420858007381e-04,
6.497049694675841e-04,
-2.211441345401036e-04,
-7.006095686005907e-04,
4.463526954380203e-05,
7.070901746912924e-04,
1.323151148225839e-04,
-6.693326878866425e-04,
-2.986584100994674e-04,
5.902796733995813e-04,
4.441539023721836e-04,
-4.754104755114979e-04,
-5.599964787685002e-04,
3.323661824978111e-04,
6.393466265870555e-04,
-1.704448331851200e-04,
-6.777310021863722e-04,
-3.469359615100462e-17,
6.732903167865294e-04,
1.682185344848183e-04,
-6.268610929423793e-04,
-3.237401895017772e-04,
5.418883615644194e-04,
4.570228095122428e-04,
-4.241769318735445e-04,
-5.600355995821930e-04,
2.814988180667225e-04,
6.267403179360110e-04,
-1.230831356230283e-04,
-6.534420623972155e-04,
-4.097824024729366e-05,
6.389894757412487e-04,
2.003711433595156e-04,
-5.848138304431934e-04,
-3.452052173666093e-04,
4.948066218435268e-04,
4.666253200472606e-04,
-3.750453609318089e-04,
-5.573505774269318e-04,
2.333865890057775e-04,
6.121084191994437e-04,
-7.895316498658990e-05,
-6.279378828096602e-04,
-7.845088104415415e-05,
6.043449425099499e-04,
2.289605435355692e-04,
-5.433020555879960e-04,
-3.632659902469557e-04,
4.490939213358573e-04,
4.731863125050387e-04,
-3.280210043507577e-04,
-5.521656489017778e-04,
1.879810906445651e-04,
5.956617328689055e-04,
-3.795649057741252e-05,
-6.014039924590759e-04,
-1.125599634352060e-04,
5.695067449305739e-04,
2.541635762264261e-04,
-5.024322388644971e-04,
-3.781234766484910e-04,
4.048077191759168e-04,
4.769189785108880e-04,
-2.831097361072015e-04,
-5.446937876140498e-04,
1.452370294249255e-04,
5.776007537308939e-04,
-2.446437288028567e-17,
-5.740170261528977e-04,
-1.434403658121684e-04,
5.346177980024802e-04,
2.761485079226427e-04,
-4.623057849512247e-04,
-3.899691364657303e-04,
3.620026123374798e-04,
4.780265671201039e-04,
-2.403168176789006e-04,
-5.351380885952657e-04,
1.051106876591964e-04,
5.581166356256639e-04,
3.500581576127909e-05,
-5.459452445597915e-04,
-1.712215845143493e-04,
4.998139768508787e-04,
2.950767664358726e-04,
-4.230186847892957e-04,
-3.989865123509930e-04,
3.207296163838877e-04,
4.767037468263337e-04,
-1.996458758537992e-04,
-5.236928357433879e-04,
6.755868022330014e-05,
5.373919212037386e-04,
6.714823731868008e-05,
-5.173489063492612e-04,
-1.960291493033311e-04,
4.652241341357001e-04,
3.111043095867883e-04,
-3.846612022376656e-04,
-4.053524732168730e-04,
2.810355635475538e-04,
4.731376584973048e-04,
-1.610980688113659e-04,
-5.105443148877034e-04,
3.253695519325619e-05,
5.156010837692414e-04,
9.651340989042747e-05,
-4.883805260684111e-04,
-2.179857377042440e-04,
4.309700792939061e-04,
3.243826924892101e-04,
-3.473175964901393e-04,
-4.092381738935627e-04,
2.429626041060397e-04,
4.675087178008941e-04,
-1.246714130264417e-04,
-4.958714225944327e-04,
1.074973575433341e-17,
4.929109205683631e-04,
1.231872008396378e-04,
-4.591850448002012e-04,
-2.372120396081283e-04,
3.971665335896902e-04,
3.350598864753304e-04,
-3.110658811917366e-04,
-4.108097825016203e-04,
2.065477997248299e-04,
4.599912143433262e-04,
-9.036024881939347e-05,
-4.798461111676789e-04,
-3.009977797610756e-05,
4.694808293193711e-04,
1.472558593937784e-04,
-4.298999354582497e-04,
-2.538274138002419e-04,
3.639210722458270e-04,
3.432808927113679e-04,
-2.759776209473255e-04,
-4.102290174226841e-04,
1.718227994831074e-04,
4.507537459087420e-04,
-5.815482642448517e-05,
-4.626337027527448e-04,
-5.781252177525852e-05,
4.454629938501165e-04,
1.688065093369430e-04,
-4.006552604775770e-04,
-2.679503705090824e-04,
3.313340627690448e-04,
3.491881857491405e-04,
-2.421177656720156e-04,
-4.076535281764176e-04,
1.388135908468683e-04,
4.399595192554147e-04,
-2.804099757148820e-05,
-4.443930995015957e-04,
-8.319126718572023e-05,
4.210025000146900e-04,
1.879275001067246e-04,
-3.715736963968146e-04,
-2.796989081326034e-04,
2.994986068320129e-04,
3.529220161230155e-04,
-2.095445229892053e-04,
-4.032371485363184e-04,
1.075403190241245e-04,
4.277665434342346e-04,
-4.264197768799717e-19,
-4.252769120325664e-04,
-1.062921745701506e-04,
3.962373993108128e-04,
2.047086375140421e-04,
-3.427705371990568e-04,
-2.891907276142816e-04,
2.685004916386854e-04,
3.546205962395760e-04,
-1.783092686394343e-04,
-3.971300454626079e-04,
7.801716902395044e-05,
4.143277372111734e-04,
2.599167578711119e-05,
-4.054315246256994e-04,
-1.271746650161194e-04,
3.712987345946707e-04,
2.192413119696302e-04,
-3.143536861394295e-04,
-2.965433442121380e-04,
2.384181555104404e-04,
3.544201899220988e-04,
-1.484564946285516e-04,
-3.894787836189236e-04,
5.025230540860645e-05,
3.997909686459240e-04,
4.996234675001057e-05,
-3.849971125274720e-04,
-1.459014734881478e-04,
3.463105398277321e-04,
2.316185394399391e-04,
-2.864236440305237e-04,
-3.018741134165155e-04,
2.093226714319777e-04,
3.524551228450182e-04,
-1.200237946101108e-04,
-3.804263221575212e-04,
2.424786522781696e-05,
3.842990420115372e-04,
7.194513257548761e-05,
-3.641076242336987e-04,
-1.625386299441616e-04,
3.213898237660686e-04,
2.419349282194603e-04,
-2.590735004976750e-04,
-3.053001853598688e-04,
1.812777514480768e-04,
3.488577285553168e-04,
-9.304188577457309e-05,
-3.701119579426161e-04,
-7.286494851128130e-18,
3.679896448889875e-04,
9.197789311945917e-05,
-3.428907395548332e-04,
-1.771553780049346e-04,
2.966465458220583e-04,
2.502865828785089e-04,
-2.323889334914934e-04,
-3.069384000946455e-04,
1.543397740779530e-04,
3.437582426975607e-04,
-6.753466630282111e-05,
-3.586712273119239e-04,
-2.250103711667447e-05,
3.509952663259510e-04,
1.101031144432445e-04,
-3.214678125494290e-04,
-1.898240396548740e-04,
2.721835909209255e-04,
2.567709553326252e-04,
-2.064482213097196e-04,
-3.069051344994218e-04,
1.285578362871762e-04,
3.372846563405972e-04,
-4.351930723557283e-05,
-3.462357767567422e-04,
-4.327076261564951e-05,
3.334430953243579e-04,
1.263677492743181e-04,
-2.999538069683877e-04,
-2.006198335430487e-04,
2.480967489837266e-04,
2.614866518163709e-04,
-1.813222704954078e-04,
-3.053161102326804e-04,
1.039738310103701e-04,
3.295625378694292e-04,
-2.100637741821363e-05,
-3.329332114573995e-04,
-6.233029589515372e-05,
3.154549075512794e-04,
1.408230172511042e-04,
-2.784572306286772e-04,
-2.096206537074798e-04,
2.244747036510241e-04,
2.645332035759039e-04,
-1.570746622148019e-04,
-3.022861710277974e-04,
8.062255074091837e-05,
3.207148316951070e-04,
1.294794881995533e-17,
-3.188869293878865e-04,
-7.970615785934488e-05,
2.971469470005045e-04,
1.535241699265355e-04,
-2.570800740868876e-04,
-2.169068149199138e-04,
2.013990339867640e-04,
2.660108082771633e-04,
-1.337617190583610e-04,
-2.979290366689470e-04,
5.853181728332894e-05,
3.108616410041379e-04,
1.950196120128036e-05,
-3.042159476560388e-04,
-9.543003816992336e-05,
2.786298083287564e-04,
1.645302251830397e-04,
-2.359177580784000e-04,
-2.225607703202494e-04,
1.789442321422387e-04,
2.660200484299353e-04,
-1.114325936288478e-04,
-2.923570401694084e-04,
3.772263739194506e-05,
3.001200008800858e-04,
3.750768730859501e-05,
-2.890347268394514e-04,
-1.095385343828916e-04,
2.600083247194828e-04,
1.739036754396393e-04,
-2.150590933997934e-04,
-2.266668065566364e-04,
1.571777392952659e-04,
2.646615925260807e-04,
-9.012937977449799e-05,
-2.856808539622328e-04,
1.820938369321638e-05,
2.886036473549984e-04,
5.403116394548371e-05,
-2.734529982856962e-04,
-1.220728661502139e-04,
2.413814653637058e-04,
1.817101737966743e-04,
-1.945862562196094e-04,
-2.293107212497958e-04,
1.361600015965290e-04,
2.620358840610676e-04,
-6.988724687869151e-05,
-2.780092102882501e-04,
-1.697426603682142e-17,
2.764227872660957e-04,
6.909191684310765e-05,
-2.575755986465912e-04,
-1.330785676179027e-04,
2.228422459737057e-04,
1.880182020528315e-04,
-1.745747811916078e-04,
-2.305794872476295e-04,
1.159445473390365e-04,
2.582428231379697e-04,
-5.073459722257464e-05,
-2.694486204101277e-04,
-1.690377012830538e-05,
2.636838731852493e-04,
8.271472569418433e-05,
-2.415023152943459e-04,
-1.426051611021788e-04,
2.044776551455313e-04,
1.928987243377481e-04,
-1.550935742010166e-04,
-2.305609078174766e-04,
9.657808610789643e-05,
2.533814449292730e-04,
-3.269324608996683e-05,
-2.601030967796800e-04,
-3.250613294594966e-05,
2.504893871424416e-04,
9.492931853914076e-05,
-2.253277457090418e-04,
-1.507058150768265e-04,
1.863685988483284e-04,
1.964248299246917e-04,
-1.362049460879375e-04,
-2.293432666285169e-04,
7.810063026235996e-05,
2.475495988829801e-04,
-1.577862397728747e-05,
-2.500738818293405e-04,
-4.681697376031038e-05,
2.369376363682196e-04,
1.057700490393800e-04,
-2.091411734212816e-04,
-1.574369894485392e-04,
1.685898648346520e-04,
1.986713686150684e-04,
-1.179646682572794e-04,
-2.270149761020861e-04,
6.054563873755627e-05,
2.408436322009854e-04,
-7.832567759218291e-18,
-2.394591866388366e-04,
-5.985156757197911e-05,
2.231225638266656e-04,
1.152755590413854e-04,
-1.930264626347987e-04,
-1.628580710349443e-04,
1.512101083274965e-04,
1.997145819186043e-04,
-1.004220506931442e-04,
-2.236642274458818e-04,
4.394018283372935e-05,
2.333580807802171e-04,
1.463927464594271e-05,
-2.283539423382865e-04,
-7.163027297557550e-05,
2.091335758917884e-04,
1.234884288707021e-04,
-1.770619732320014e-04,
-1.670310020907329e-04,
1.342918599418052e-04,
1.996317330859399e-04,
-8.362004254368337e-05,
-2.193786454369362e-04,
2.830513337319965e-05,
2.251853704894334e-04,
2.814150451537252e-05,
-2.168495667446258e-04,
-8.217821129119069e-05,
1.950553891334507e-04,
1.304548178077635e-04,
-1.613204974802284e-04,
-1.700199046455506e-04,
1.178915564355162e-04,
1.985007388826776e-04,
-6.759535512538928e-05,
-2.142449507744125e-04,
1.365536835288023e-05,
2.164155313509775e-04,
4.051437055973882e-05,
-2.050337483854660e-04,
-9.152493298624170e-05,
1.809678978179634e-04,
1.362240971973654e-04,
-1.458692193996903e-04,
-1.718907033289845e-04,
1.020595945568178e-04,
1.963998058226848e-04,
-5.237860691347535e-05,
-2.083486325841506e-04,
-2.133897720576837e-17,
2.071359269059498e-04,
5.177063525558385e-05,
-1.929902497402412e-04,
-9.970407351256773e-05,
1.669460633916403e-04,
1.408484786244327e-04,
-1.307696974256485e-04,
-1.727107492575681e-04,
8.684040795320376e-05,
1.934070734059154e-04,
-3.799448982993689e-05,
-2.017736334228378e-04,
-1.265738005569827e-05,
1.974310007614106e-04,
6.192783400631632e-05,
-1.807987312216161e-04,
-1.067530007258267e-04,
1.530598269014057e-04,
1.443826395523312e-04,
-1.160778706954408e-04,
-1.725484474475412e-04,
7.227256683553408e-05,
1.896002667286521e-04,
-2.446195591542196e-05,
-1.946020488979099e-04,
-2.431843894487500e-05,
1.873820420474766e-04,
7.100795470317954e-05,
-1.685345971279447e-04,
-1.127124560783145e-04,
1.393740450111757e-04,
1.468833487700817e-04,
-1.018440890108919e-04,
-1.714728900977247e-04,
5.838889984502693e-05,
1.850563606528278e-04,
-1.179442327337790e-05,
-1.869138437903110e-04,
-3.498982564795762e-05,
1.770669712506772e-04,
7.903710740560571e-05,
-1.562688645198271e-04,
-1.176261917790149e-04,
1.259484499968535e-04,
1.484090939283948e-04,
-8.811316626989912e-05,
-1.695534979567054e-04,
4.521663734811154e-05,
1.798512575373071e-04,
1.590950461272675e-18,
-1.787865863412227e-04,
-4.468288071750445e-05,
1.665601476366097e-04,
8.604518615038747e-05,
-1.440680557105438e-04,
-1.215406060978146e-04,
1.128376338460113e-04,
1.490197133632215e-04,
-7.492445692679702e-05,
-1.668596718491220e-04,
3.277757518578478e-05,
1.740594803462475e-04,
1.091827533593730e-05,
-1.702952021400857e-04,
-5.341333443323232e-05,
1.559321992298522e-04,
9.206552493009315e-05,
-1.319941148093055e-04,
-1.245043789583738e-04,
1.000910563476653e-04,
1.487760343127404e-04,
-6.231195482572607e-05,
-1.634604562896565e-04,
2.108825772954250e-05,
1.677538827593760e-04,
2.096217822448964e-05,
-1.615117488308495e-04,
-6.120099525748855e-05,
1.452498760830738e-04,
9.713454989063888e-05,
-1.201043485190945e-04,
-1.265681099137269e-04,
8.775307683490393e-05,
1.477395195274611e-04,
-5.030441355705207e-05,
-1.594242169585177e-04,
1.016017894102750e-05,
1.610053777173770e-04,
3.013802942380240e-05,
-1.525052126365268e-04,
-6.806943050896518e-05,
1.345759273393884e-04,
1.012914297877633e-04,
-1.084513911678854e-04,
-1.277839605322108e-04,
7.586300903851065e-05,
1.459719241553775e-04,
-3.892548731347693e-05,
-1.548183336520829e-04,
1.311580080042525e-17,
1.538826856424473e-04,
3.845641459646011e-05,
-1.433413274893500e-04,
-7.404564120075688e-05,
1.239690023734759e-04,
1.045777267162004e-04,
-9.708319374132052e-05,
-1.282053031421873e-04,
6.445519832044819e-05,
1.435349646575386e-04,
-2.819389106649839e-05,
-1.497089101562870e-04,
-9.390218045636261e-06,
1.464521033810871e-04,
4.593189418361293e-05,
-1.340824173465107e-04,
-7.915973299727470e-05,
1.134835760888640e-04,
1.070370490815326e-04,
-8.604303648854296e-05,
-1.278863777906697e-04,
5.355912038457545e-05,
1.404900013731225e-04,
-1.812357874800031e-05,
-1.441605023209626e-04,
-1.801276824748277e-05,
1.387772947241923e-04,
5.258270537133271e-05,
-1.247872620694749e-04,
-8.344458523680781e-05,
1.031698982497499e-04,
1.087147087249059e-04,
-7.536956449136254e-05,
-1.268819591654132e-04,
4.319950040828923e-05,
1.368977362091043e-04,
-8.723938005517747e-06,
-1.382358654405370e-04,
-2.587404005353063e-05,
1.309191031692292e-04,
5.843045802747925e-05,
-1.155109870495820e-04,
-8.693551994058106e-05,
9.307396653870818e-05,
1.096573840383202e-04,
-6.509684541833433e-05,
-1.252470351150883e-04,
3.339645140030418e-05,
1.328179267800798e-04,
6.667939151704426e-18,
-1.319957218721547e-04,
-3.298425169977630e-05,
1.229353874023634e-04,
6.349982649256266e-05,
-1.063049765753486e-04,
-8.966997268670024e-05,
8.323752285492117e-05,
1.099127908217219e-04,
-5.525444853201244e-05,
-1.230364982771001e-04,
2.416563046904809e-05,
1.283091181686442e-04,
8.047337365818754e-06,
-1.254985496476647e-04,
-3.935717449816145e-05,
1.148808797952497e-04,
6.781823909812615e-05,
-9.721681075715960e-05,
-9.168716717171117e-05,
7.369807220416201e-05,
1.095293625345676e-04,
-4.586754387994121e-05,
-1.203048521894558e-04,
1.551841158298659e-05,
1.234283933179142e-04,
1.542107446237607e-05,
-1.188003926617320e-04,
-4.500985084119333e-05,
1.068070680331202e-04,
7.141556725914114e-05,
-8.829022565462987e-05,
-9.302779521219671e-05,
6.448892337946727e-05,
1.085559414866915e-04,
-3.695702047581029e-05,
-1.171059331241041e-04,
7.462073315993273e-06,
1.182311429069354e-04,
2.212786491294014e-05,
-1.119546928463702e-04,
-4.996230774463598e-05,
9.876209981927649e-05,
7.432381594434479e-05,
-7.956509609195150e-05,
-9.373370385569080e-05,
5.563925049264574e-05,
1.070414823955549e-04,
-2.853962216897519e-05,
-1.134926487343224e-04,
4.919739790711329e-18,
1.127708553973992e-04,
2.817776228733555e-05,
-1.050121445731536e-04,
-5.423726773666758e-05,
9.079071043603702e-05,
7.657681727343233e-05,
-7.107744049615723e-05,
-9.384759117706874e-05,
4.717417429195436e-05,
1.050347696112226e-04,
-2.062809980825534e-05,
-1.095167344599526e-04,
-6.868105346826089e-06,
1.070989277781138e-04,
3.358396027354732e-05,
-9.802057135946901e-05,
-5.785985887301724e-05,
8.293417278528055e-05,
7.820992892125098e-05,
-6.285944695442593e-05,
-9.341271223268343e-05,
3.911486208884111e-05,
1.025841491789965e-04,
-1.323137822739255e-05,
-1.052285284833411e-04,
-1.314599798803673e-05,
1.012644973731331e-04,
3.836252808777750e-05,
-9.102482479593007e-05,
-6.085732561421660e-05,
7.523026938409288e-05,
7.925973892829084e-05,
-5.493951956005056e-05,
-9.247259653169029e-05,
3.147864501871147e-05,
9.973727677249920e-05,
-6.354736516906945e-06,
-1.006767658761979e-04,
-1.884066002789826e-05,
9.531429492133905e-05,
4.253214286762517e-05,
-8.406670545869757e-05,
-6.325874224607601e-05,
6.771328565220182e-05,
7.976377842653692e-05,
-4.734234400132609e-05,
-9.107077826475331e-05,
2.427915127737129e-05,
9.654088238899680e-05,
8.837920219444380e-18,
-9.590839242505025e-05,
-2.396206226474595e-05,
8.929251898117422e-05,
4.611382076233377e-05,
-7.718490542442672e-05,
-6.509473045665127e-05,
6.041402369961528e-05,
7.976024368943393e-05,
-4.008897124532788e-05,
-8.925054040397855e-05,
1.752645390431436e-05,
9.304055255569050e-05,
5.834257703710289e-06,
-9.096839847174049e-05,
-2.852292103688250e-05,
8.324073156464871e-05,
4.913064838983102e-05,
-7.041497186804114e-05,
-6.639718260384138e-05,
5.335983570594959e-05,
7.928772880602817e-05,
-3.319691807967482e-05,
-8.705467365747163e-05,
1.122723162823460e-05,
8.928053065099875e-05,
1.115250416133324e-05,
-8.589967295637602e-05,
-3.253845174004952e-05,
7.719777476129417e-05,
5.160751627519264e-05,
-6.378929109430081e-05,
-6.719899211989323e-05,
4.657467587648032e-05,
7.838497016462634e-05,
-2.668028319847406e-05,
-8.452525112727958e-05,
5.384941248813105e-06,
8.530353580020983e-05,
1.596203079628653e-05,
-8.074287770480915e-05,
-3.602612066277104e-05,
7.119970797572334e-05,
5.357085581816187e-05,
-5.733709223471336e-05,
-6.753379240186035e-05,
4.007916986565121e-05,
7.709060381033434e-05,
-2.054987745544279e-05,
-8.170341938316580e-05,
1.628151287431422e-19,
8.115060066160155e-05,
2.027273037549391e-05,
-7.553634186183654e-05,
-3.900539674223932e-05,
6.527976527356355e-05,
5.504838125986027e-05,
-5.108446973252312e-05,
-6.743570543206309e-05,
3.389070047701737e-05,
7.544293661531306e-05,
-1.481336685766643e-05,
-7.862920652687300e-05,
-4.930023674795880e-06,
7.686092827795256e-05,
2.409687092467966e-05,
-7.031597623592716e-05,
-4.149750478779408e-05,
5.946833220954223e-05,
5.606883803321431e-05,
-4.505442363967262e-05,
-6.693910126205410e-05,
2.802350837819490e-05,
7.347973207241704e-05,
-9.475426835754555e-06,
-7.534134768388602e-05,
-9.410212506566831e-06,
7.247176803075692e-05,
2.744886764830637e-05,
-6.511520719263642e-05,
-4.352518165268818e-05,
5.379294139976430e-05,
5.666175878736109e-05,
-3.926691666220825e-05,
-6.607836937732265e-05,
2.248880651181923e-05,
7.123801139227501e-05,
-4.537906302497828e-06,
-7.187712822354995e-05,
-1.344809750452417e-05,
6.801831060123013e-05,
3.034505438683459e-05,
-5.996492961219976e-05,
-4.511243676003243e-05,
4.827828599850218e-05,
5.685722827485819e-05,
-3.373894681499131e-05,
-6.488770283956287e-05,
1.729490683876591e-05,
6.875387045239462e-05,
-6.566685045770758e-18,
-6.827224487436582e-05,
-1.705345131822533e-05,
6.353360171427653e-05,
3.280345608889650e-05,
-5.489347831324924e-05,
-4.628431830497506e-05,
4.294625014768287e-05,
5.668565818402915e-05,
-2.848463448180224e-05,
-6.340089598063445e-05,
1.244735801653438e-05,
6.606231301602263e-05,
4.141572363526427e-06,
-6.456068477075111e-05,
-2.023807936211573e-05,
5.904847432012081e-05,
3.484356371091275e-05,
-4.992661724002534e-05,
-4.706668636365507e-05,
3.781595538591446e-05,
5.617757288707870e-05,
-2.351532262424412e-05,
-6.165115629754112e-05,
7.949092594922469e-06,
6.319710050874228e-05,
7.892381674532921e-06,
-6.077462234140503e-05,
-2.301561016273291e-05,
5.459149875367096e-05,
3.648611288375762e-05,
-4.508754561469563e-05,
-4.748599404245144e-05,
3.290382193374277e-05,
5.536340695918805e-05,
-1.883968884226243e-05,
-5.967093107231566e-05,
3.800582302567864e-06,
6.019061851351568e-05,
1.126010113585051e-05,
-5.694433382842796e-05,
-2.540128633460178e-05,
5.018895030481965e-05,
3.775286760481373e-05,
-4.039692017050791e-05,
-4.756907769786796e-05,
2.822364371206356e-05,
5.427331520644094e-05,
-1.446386795937031e-05,
-5.749174911609361e-05,
-2.261965845522860e-18,
5.707376002114721e-05,
1.425431557878141e-05,
-5.309812911160307e-05,
-2.741175752734594e-05,
4.586479353462496e-05,
3.866641012542266e-05,
-3.587289250598489e-05,
-4.734295715064446e-05,
2.378667590228020e-05,
5.293699582129241e-05,
-1.039158378777993e-05,
-5.514407791330412e-05,
-3.456613111621879e-06,
5.387582535357389e-05,
1.688632975118262e-05,
-4.926230040420043e-05,
-2.906487661571711e-05,
4.164068258258478e-05,
3.924993811028248e-05,
-3.153116053467536e-05,
-4.683464670712424e-05,
1.960173381989857e-05,
5.138352716476528e-05,
-6.624288722257311e-06,
-5.265719632108137e-05,
-6.575176412472726e-06,
5.062443856311214e-05,
1.916897691426207e-05,
-4.546108728610561e-05,
-3.037950032573150e-05,
3.753597662992249e-05,
3.952707004662057e-05,
-2.738503295001934e-05,
-4.607097768885547e-05,
1.567530184672253e-05,
4.964121855605656e-05,
-3.161309815213093e-06,
-5.005908286178065e-05,
-9.363396269733507e-06,
4.734548000239978e-05,
2.111642901904660e-05,
-4.171665744776920e-05,
-3.137529540508632e-05,
3.356776961338111e-05,
3.952165977828431e-05,
-2.344550558078873e-05,
-4.507843305788817e-05,
1.201165115144075e-05,
4.773747533313930e-05,
-2.585118839396489e-18,
-4.737631953339549e-05,
-1.183059123663204e-05,
4.406303465808251e-05,
2.274400966496317e-05,
-3.804910243445649e-05,
-3.207255135633015e-05,
2.975093322307023e-05,
3.925762093494436e-05,
-1.972134847848500e-05,
-4.388299461155337e-05,
8.612964923865202e-06,
4.569867833344261e-05,
2.864106845985460e-06,
-4.463401095476449e-05,
-1.398751730265911e-05,
4.079935574675879e-05,
2.406801096737325e-05,
-3.447644760527298e-05,
-3.249200065680175e-05,
2.609817216715255e-05,
3.875876191951492e-05,
-1.621920255470696e-05,
-4.251000310804718e-05,
5.479469853119435e-06,
4.355007783284500e-05,
5.437138273651956e-06,
-4.185571856038398e-05,
-1.584619439361678e-05,
3.757484298512783e-05,
2.510551537933032e-05,
-3.101467545586959e-05,
-3.265464729134772e-05,
2.262009064570407e-05,
3.804863200889107e-05,
-1.294368457364750e-05,
-4.098403157322483e-05,
2.609572595203614e-06,
4.131570187447704e-05,
7.726724302891134e-06,
-3.906340946396623e-05,
-1.741973525373458e-05,
3.440803486775463e-05,
2.587422342699122e-05,
-2.767776139726860e-05,
-3.258160432388578e-05,
1.932526894521371e-05,
3.715037901561295e-05,
-9.897499301370672e-06,
-3.932877193075592e-05,
-3.172072647478021e-18,
3.901827881716871e-05,
9.741838314230439e-06,
-3.627741952135358e-05,
-1.872217776931261e-05,
3.131561421595422e-05,
2.639228822798682e-05,
-2.447772103647940e-05,
-3.229394113213809e-05,
1.622034904443292e-05,
3.608661885135788e-05,
-7.081557620224314e-06,
-3.756693499322322e-05,
-2.354058099495564e-06,
3.667917383746174e-05,
1.149263891692074e-05,
-3.351643004228715e-05,
-1.976832171585563e-05,
2.831242620039238e-05,
2.667815756878860e-05,
-2.142466796757435e-05,
-3.181254082747081e-05,
1.331012811144493e-05,
3.487931722833487e-05,
-4.495099432092985e-06,
-3.572016375126669e-05,
-4.458804691713747e-06,
3.431833902940112e-05,
1.299031385517781e-05,
-3.079745752733757e-05,
-2.057357082843671e-05,
2.541150798785338e-05,
2.675042422219702e-05,
-1.852688105405525e-05,
-3.115796828008450e-05,
1.059765876993291e-05,
3.354968363280967e-05,
-2.135820198787544e-06,
-3.380895980236997e-05,
-6.321691092275780e-06,
3.195427666351232e-05,
1.424692694465064e-05,
-2.813585574146771e-05,
-2.115378100913108e-05,
2.262412911967852e-05,
2.662768508969367e-05,
-1.579088016504528e-05,
-3.035034906907680e-05,
8.084355020008413e-06,
3.211807760646708e-05,
-4.116897107878055e-19,
-3.185262267102411e-05,
-7.951273203317791e-06,
2.960401509076304e-05,
1.527526895724546e-05,
-2.554532937914472e-05,
-2.152511539732034e-05,
1.995984169569960e-05,
2.632840965661872e-05,
-1.322150931888357e-05,
-2.940925957815651e-05,
5.770102715145408e-06,
3.060392727701579e-05,
1.917365970824244e-06,
-2.986920168816785e-05,
-9.357069517778949e-06,
2.728309670929226e-05,
1.608871329422994e-05,
-2.303795852801935e-05,
-2.170390693837578e-05,
1.742653941254146e-05,
2.587081815222254e-05,
-1.082202618723084e-05,
-2.835362836207592e-05,
3.653373520640103e-06,
2.902565999012479e-05,
3.622436505404100e-06,
-2.787546002062000e-05,
-1.054942179354504e-05,
2.500557735165922e-05,
1.670107720607420e-05,
-2.062423309908124e-05,
-2.170652899541445e-05,
1.503052448921487e-05,
2.527276971185828e-05,
-8.594196920999947e-06,
-2.720164881648020e-05,
1.731341310690289e-06,
2.740064481078048e-05,
5.122394054335585e-06,
-2.588685037100595e-05,
-1.153935925200578e-05,
2.278403639828856e-05,
1.712648923412313e-05,
-1.831309636050735e-05,
-2.154927445756354e-05,
1.277658150574974e-05,
2.455166074588001e-05,
-6.538395275858661e-06,
-2.597070309566581e-05,
-3.166612730054346e-18,
2.574514658412706e-05,
6.425315897269744e-06,
-2.391750180573731e-05,
-1.233846708141129e-05,
2.062959687893143e-05,
1.737926346412891e-05,
-1.611199669035451e-05,
-2.124824370800234e-05,
1.066805718146912e-05,
2.372433363016731e-05,
-4.653705038701890e-06,
-2.467729713943272e-05,
-1.545718149451298e-06,
2.407429117421803e-05,
7.540047668006528e-06,
-2.198021711328415e-05,
-1.295875994837017e-05,
1.855195478843800e-05,
1.747378109586343e-05,
-1.402694664967486e-05,
-2.081924172615997e-05,
8.706945128459859e-06,
2.280699574690523e-05,
-2.938024787364234e-06,
-2.333700659208396e-05,
-2.911824655109748e-06,
2.240204143416147e-05,
8.476080026206824e-06,
-2.008648004727303e-05,
-1.341256114217668e-05,
1.655941681558562e-05,
1.742437974768856e-05,
-1.206258847189477e-05,
-2.027768451171718e-05,
6.893974632414059e-06,
2.181514882206011e-05,
-1.388174053308809e-06,
-2.196443332427065e-05,
-4.105158227096612e-06,
2.074118340318442e-05,
9.243429197284280e-06,
-1.824647176903103e-05,
-1.371238789662194e-05,
1.465894566439971e-05,
1.724525083018327e-05,
-1.022226506662770e-05,
-1.963851493441142e-05,
5.228702536378478e-06,
2.076352842859879e-05,
-4.145307342674849e-18,
-2.057317220220646e-05,
-5.133270261210711e-06,
1.910332217544498e-05,
9.852522029354722e-06,
-1.646909577218380e-05,
-1.387084335338719e-05,
1.285621213580964e-05,
1.695034523998289e-05,
-8.508095645643782e-06,
-1.891612803332803e-05,
3.709607333021246e-06,
1.966605345213542e-05,
1.231516222004971e-06,
-1.917578768898400e-05,
-6.004313141742159e-06,
1.749888684192772e-05,
1.031408614229448e-05,
-1.476201054737262e-05,
-1.390051555132831e-05,
1.115565313358110e-05,
1.655328754418385e-05,
-6.921055095392505e-06,
-1.812430571314435e-05,
2.334184606993208e-06,
1.853578524891942e-05,
2.312154229243342e-06,
-1.778379980968612e-05,
-6.726932017693304e-06,
1.593714387082913e-05,
1.063904566853660e-05,
-1.313166922855626e-05,
-1.381388374660677e-05,
9.560534761925588e-06,
1.606729874776309e-05,
-5.461056243743746e-06,
-1.727616071310983e-05,
1.099043010383135e-06,
1.738489616521639e-05,
3.248350998353959e-06,
-1.640767896573628e-05,
-7.310160648254044e-06,
1.442621826301816e-05,
1.083842301043748e-05,
-1.158336545269122e-05,
-1.362323229166020e-05,
8.073019692240538e-06,
1.550512766223170e-05,
-4.127034197516615e-06,
-1.638408965796731e-05,
1.063532641272156e-18,
1.622464703245624e-05,
4.047099967666348e-06,
-1.505684904467727e-05,
-7.763321843557642e-06,
1.297312179782629e-05,
1.092324696407602e-05,
-1.012128466241860e-05,
-1.334057222578589e-05,
6.694237993390010e-06,
1.487899082317977e-05,
-2.917031962211788e-06,
-1.545973493861083e-05,
-9.678233844431189e-07,
1.506537320418628e-05,
4.715853254782432e-06,
-1.373969823930393e-05,
-8.095932956665161e-06,
1.158378767012656e-05,
1.090446748591597e-05,
-8.748560085838607e-06,
-1.297757065811315e-05,
5.424360642700378e-06,
1.420052083845642e-05,
-1.828286594811096e-06,
-1.451395511467647e-05,
-1.809909368760808e-06,
1.391647865907354e-05,
5.262427533990962e-06,
-1.246359696463550e-05,
-8.317616812826909e-06,
1.026311081212034e-05,
1.079287730723392e-05,
-7.467332638154328e-06,
-1.254548795523450e-05,
4.262674962942129e-06,
1.348072298766235e-05,
-8.573151840337757e-07,
-1.355680348153077e-05,
-2.532252530796305e-06,
1.278643765895847e-05,
5.694914052156871e-06,
-1.123492224271592e-05,
-8.438018392472285e-06,
9.014993192548966e-06,
1.059904053173439e-05,
-6.278814006956043e-06,
-1.205512268090492e-05,
3.207661263996819e-06,
1.272993983755796e-05,
8.877646987397187e-19,
-1.259751440039700e-05,
-3.141271678031335e-06,
1.168280342233117e-05,
6.021593196456502e-06,
-1.005908791334175e-05,
-8.466727516356862e-06,
7.842393391529432e-06,
1.033322828544024e-05,
-5.183352205263866e-06,
-1.151676417486124e-05,
2.257070005527134e-06,
1.195782358747356e-05,
7.483277944358744e-07,
-1.164449695287305e-05,
-3.643725009634935e-06,
1.061222325139307e-05,
6.250853962425962e-06,
-8.940580023234684e-06,
-8.413207715254074e-06,
6.747379760472420e-06,
1.000536142506106e-05,
-4.180498903672054e-06,
-1.094015260213931e-05,
1.407998838252238e-06,
1.117331581389248e-05,
1.392806425854242e-06,
-1.070533544975954e-05,
-4.046628996062975e-06,
9.580459535116014e-06,
6.391118606408269e-06,
-7.882996746888585e-06,
-8.286731402666423e-06,
5.731186493527829e-06,
9.624960251743417e-06,
-3.269077884950229e-06,
-1.033444625338555e-05,
6.569689262564880e-07,
1.038463424414213e-05,
1.938964286547164e-06,
-9.786796298968630e-06,
-4.357181348395304e-06,
8.592416041127366e-06,
6.450772703758519e-06,
-6.889092198759151e-06,
-8.096321408229480e-06,
4.794271958897778e-06,
9.201101122157460e-06,
-2.447254000248406e-06,
-9.708195831077794e-06,
-1.983218842587973e-18,
9.599266155789252e-06,
2.392643649932065e-06,
-8.894840718237838e-06,
-4.582688389768957e-06,
7.652168905525858e-06,
6.438100773482669e-06,
-5.960823508217173e-06,
-7.850698872072344e-06,
3.936378664682812e-06,
8.742379798438578e-06,
-1.712602045105703e-06,
-9.069325416319714e-06,
-5.673163611893263e-07,
8.823967970787082e-06,
2.759927714264413e-06,
-8.034642765201984e-06,
-4.730497081928728e-06,
6.763001731783767e-06,
6.361227571501584e-06,
-5.099400545627427e-06,
-7.558237446507051e-06,
3.156594264516893e-06,
8.256881332660477e-06,
-1.062175015587657e-06,
-8.425119775980253e-06,
-1.049745667492873e-06,
8.064770591644498e-06,
3.047071307666039e-06,
-7.210612150000959e-06,
-4.807931902364500e-06,
5.927444217207098e-06,
6.228065099313441e-06,
-4.305337709317752e-06,
-7.226923701721001e-06,
2.453413042212004e-06,
7.752156240712135e-06,
-4.925712490762597e-07,
-7.782217640607162e-06,
-1.452342076845765e-06,
7.326990010801039e-06,
3.260435532179687e-06,
-6.426421293690954e-06,
-4.822236712040509e-06,
5.147313737601027e-06,
6.046265322738134e-06,
-3.578507208596797e-06,
-6.864323586783911e-06,
1.824797351464553e-06,
7.235202684699796e-06,
-8.455655603077869e-19,
-7.146610559632968e-06,
-1.780382920274808e-06,
6.615242713761567e-06,
3.406426570471332e-06,
-5.685036098935690e-06,
-4.780521700516979e-06,
4.423759337631922e-06,
5.823178546780024e-06,
-2.918193307137720e-06,
-6.477554756310401e-06,
1.268238526132605e-06,
6.712454352287373e-06,
4.196549521166237e-07,
-6.523646921842394e-06,
-2.039306490090418e-06,
5.933465391236367e-06,
3.491438826133414e-06,
-4.988749907601389e-06,
-4.689715445072616e-06,
3.757307595242262e-06,
5.565817348029514e-06,
-2.323147023180402e-06,
-6.073264536922881e-06,
7.808168177925817e-07,
6.189773695883194e-06,
7.707740174354695e-07,
-5.918040715804373e-06,
-2.234653336005932e-06,
5.284938475245149e-06,
3.521802518097473e-06,
-4.339220132457497e-06,
-4.556522073500786e-06,
3.147909852899747e-06,
5.280825925558574e-06,
-1.791640817622020e-06,
-5.657613276234178e-06,
3.592599597365102e-07,
5.672450174145351e-06,
1.057943141080456e-06,
-5.333884596743079e-06,
-2.372011264980511e-06,
4.672313018530644e-06,
3.503735801749762e-06,
-3.737507066756160e-06,
-4.387383476677462e-06,
2.594990336174149e-06,
4.974454694991043e-06,
-1.321522837883165e-06,
-5.236262790377016e-06,
-9.228263238728001e-20,
5.165203122805426e-06,
1.285898039483744e-06,
-4.774666822958438e-06,
-2.456964192831018e-06,
4.097640445461238e-06,
3.443301444104352e-06,
-3.184114395841418e-06,
-4.188446477287191e-06,
2.097494710433184e-06,
4.652539918659423e-06,
-9.102703236755235e-07,
-4.814369604266574e-06,
-3.007719103861069e-07,
4.672188871213747e-06,
1.459471542262404e-06,
-4.243291626121049e-06,
-2.495044950150032e-06,
3.562404715421405e-06,
3.346368038401047e-06,
-2.679030958299491e-06,
-3.965534825343336e-06,
1.653938658855386e-06,
4.320488137477378e-06,
-5.550418199869204e-07,
-4.396582661652832e-06,
-5.470530443803160e-07,
4.197011715035419e-06,
1.583544209480965e-06,
-3.742102585216962e-06,
-2.491692102078867e-06,
3.067556456080458e-06,
3.218575704930555e-06,
-2.221773330421111e-06,
-3.724125859373426e-06,
1.262456099161038e-06,
3.983265147300855e-06,
-2.527278824430301e-07,
-3.987045169460699e-06,
-7.429791687940998e-07,
3.742738353970825e-06,
1.662998351173443e-06,
-3.272908583339752e-06,
-2.452210801160344e-06,
2.613548643592227e-06,
3.065306189816660e-06,
-1.811428836192054e-06,
-3.469331644611153e-06,
9.208466917746516e-07,
3.645389244195512e-06,
5.537349969113515e-19,
-3.589400232828873e-06,
-8.927773430421648e-07,
3.311915405962083e-06,
1.702675535273325e-06,
-2.837011939499780e-06,
-2.381737655320405e-06,
2.200373429166942e-06,
2.891657242244208e-06,
-1.446698615222845e-06,
-3.205884376207670e-06,
6.266223281069149e-07,
3.310928449024610e-06,
2.066425007434663e-07,
-3.206799933383448e-06,
-1.000721592697024e-06,
2.906589615736975e-06,
1.707337631875644e-06,
-2.435238323735861e-06,
-2.285209559147847e-06,
1.827599736130344e-06,
2.702421123247435e-06,
-1.125940412637924e-06,
-2.938125816264660e-06,
3.770523239696297e-07,
2.983501411956736e-06,
3.708277666982508e-07,
-2.841917503392263e-06,
-1.071091565413770e-06,
2.528330385447533e-06,
1.681631406171109e-06,
-2.067968082750444e-06,
-2.167336406113628e-06,
1.494411278204077e-06,
2.502067075635003e-06,
-8.472107873614392e-07,
-2.670000518436219e-06,
1.692070792008029e-07,
2.666281691746676e-06,
4.962691047074488e-07,
-2.496962252269217e-06,
-1.108134240692710e-06,
2.178254268185942e-06,
1.630056639847906e-06,
-1.735168624551626e-06,
-2.032577572465283e-06,
1.199644677747346e-06,
2.294727565049477e-06,
-6.083064680394583e-07,
-2.405052582783649e-06,
4.050679961029742e-19,
2.362005102704991e-06,
5.867251673131937e-07,
-2.173696909098335e-06,
-1.116028731322026e-06,
1.857051080912267e-06,
1.556937731374115e-06,
-1.436427533748729e-06,
-1.885122040261052e-06,
9.418273916642551e-07,
2.084188086447913e-06,
-4.068046187104435e-07,
-2.146425676316873e-06,
-1.337724850107986e-07,
2.072979823895223e-06,
6.459627281012445e-07,
-1.873457055121447e-06,
-1.098854183321531e-06,
1.565011311468782e-06,
1.466398699396332e-06,
-1.170986113864007e-06,
-1.728872007325951e-06,
7.192151822678323e-07,
1.873880318295425e-06,
-2.401018087441995e-07,
-1.896866051077824e-06,
-2.353929508891534e-07,
1.801098970012364e-06,
6.777221052129330e-07,
-1.597172333108841e-06,
-1.060560753112603e-06,
1.302054514432301e-06,
1.362341490721756e-06,
-9.377730787902413e-07,
-1.567429815891936e-06,
5.298289000838327e-07,
1.666878398474374e-06,
-1.054515131658673e-07,
-1.658728291451194e-06,
-3.081871490791629e-07,
1.547855331272121e-06,
6.856852624269464e-07,
-1.345389135825069e-06,
-1.004943615564492e-06,
1.067758412163137e-06,
1.248427474981062e-06,
-7.354381419402042e-07,
-1.404088019212926e-06,
3.714903750020763e-07,
1.465898091033972e-06,
-5.018759483003872e-20,
-1.433983525367116e-06,
-3.554904016537039e-07,
1.314358000162115e-06,
6.734465905766154e-07,
-1.118294493071360e-06,
-9.356199345434841e-07,
8.613884401953838e-07,
1.128061992040135e-06,
-5.623852783625509e-07,
-1.241822396377829e-06,
2.418572410424005e-07,
1.273298611315832e-06,
7.917950970474334e-08,
-1.224229839917112e-06,
-3.806162646857364e-07,
1.101350615719926e-06,
6.444863482372503e-07,
-9.157408956133485e-07,
-8.560087087595219e-07,
6.819274996291048e-07,
1.004381805561908e-06,
-4.168054616877781e-07,
-1.083287719787123e-06,
1.384565478702190e-07,
1.091086878415913e-06,
1.350544962287562e-07,
-1.030704650314113e-06,
-3.868274834309222e-07,
9.092309707394719e-07,
6.021467196603904e-07,
-7.372718143022089e-07,
-7.693133900337677e-07,
5.281057030520688e-07,
8.802453066884835e-07,
-2.967087038731044e-07,
-9.308160770948017e-07,
5.871703878632781e-08,
9.209239681140951e-07,
1.706026716129461e-07,
-8.542987817706259e-07,
-3.773092395716737e-07,
7.380717436225028e-07,
5.496104298633769e-07,
-5.821476935227864e-07,
-6.785071585270698e-07,
3.984299244111124e-07,
7.582253054603297e-07,
-1.999552510504628e-07,
-7.864175496170969e-07,
-7.808074396821820e-20,
7.641335460478603e-07,
1.887834247189019e-07,
-6.955720364063329e-07,
-3.551446710226947e-07,
5.876421341015289e-07,
4.898818416861674e-07,
-4.493722193480563e-07,
-5.863207299504257e-07,
2.912129867728165e-07,
6.406042441887736e-07,
-1.242858129850089e-07,
-6.517830520543539e-07,
-4.037139073030361e-08,
6.217120697046932e-07,
1.925111986471245e-07,
-5.547700313720268e-07,
-3.232926277678052e-07,
4.574302003965139e-07,
4.257704474503737e-07,
-3.377186840946596e-07,
-4.952325631820526e-07,
2.046023447474342e-07,
5.293716663273295e-07,
-6.735072646757544e-08,
-5.282891435743498e-07,
-6.508426671756364e-08,
4.943405584412641e-07,
1.846307998458278e-07,
-4.318421096531376e-07,
-2.845676128859144e-07,
3.466657141968198e-07,
3.598766585102722e-07,
-2.457562900458752e-07,
-4.074613328732563e-07,
1.366081402293011e-07,
4.262237762093463e-07,
-2.673797418557846e-08,
-4.170046275744294e-07,
-7.680985768818251e-08,
3.823977428792132e-07,
1.678946223898894e-07,
-3.264601411337164e-07,
-2.416218463613045e-07,
2.543433688132195e-07,
2.945797894074620e-07,
-1.718762555896911e-07,
-3.249605303822333e-07,
8.513053072628870e-08,
3.325649291012085e-07,
7.685721622049588e-20,
-3.186987664809762e-07,
-7.817887243791936e-08,
2.859744183354308e-07,
1.449417576171352e-07,
-2.380380481170422e-07,
-1.969293803869014e-07,
1.792461946013206e-07,
2.320281293731173e-07,
-1.143176066274971e-07,
-2.494150575029661e-07,
4.798620868752121e-08,
2.495108970763746e-07,
1.532072104780144e-08,
-2.338509484353256e-07,
-7.175847885244435e-08,
2.048888410914967e-07,
1.182789485562377e-07,
-1.657519062899163e-07,
-1.527721885539790e-07,
1.199690540214760e-07,
1.741309923854535e-07,
-7.119255459672430e-08,
-1.822396807117053e-07,
2.293404770851204e-08,
1.778937639556694e-07,
2.166738437227217e-08,
-1.626616543372006e-07,
-6.003086920533633e-08,
1.387030209569984e-07,
9.026334035111650e-08,
-1.085604887548621e-07,
-1.112281474777174e-07,
7.494210616965405e-08,
1.225526377045046e-07,
-4.051137956368012e-08,
-1.245792187925397e-07,
7.699827106428547e-09,
1.182683116909730e-07,
2.144584240645725e-08,
-1.050645861498254e-07,
-4.537338890492839e-08,
8.673977841369578e-08,
6.308697208707250e-08,
-6.522613694088528e-08,
-7.416082786322667e-08,
4.245414703781003e-08,
7.870795553779669e-08,
-2.020675239166542e-08,
-7.731034344069353e-08,
6.442999853994698e-21,
7.091977077915636e-08,
1.700287851835187e-08,
-6.073983029370292e-08,
-3.004019947113977e-08,
4.810044933751663e-08,
3.876295193203637e-08,
-3.433585766867720e-08,
-4.321101258156577e-08,
2.067574691878792e-08,
4.375981699040086e-08,
-8.157443816766796e-09,
-4.104488049301758e-08,
-2.435518384632218e-09,
3.587281827394390e-08,
1.060576210649694e-08,
-2.912794306071341e-08,
-1.614544142863568e-08,
2.168313458742103e-08,
1.911325619003270e-08,
-1.432256012775284e-08,
-1.978986179790254e-08,
7.682120052516128e-09,
1.861799346736572e-08,
-2.211380228458619e-09,
-1.613450850580305e-08,
-1.841555993441773e-09,
1.290171840779094e-08,
4.423072322534514e-09,
-9.444857965587568e-09,
-5.647859887892121e-09,
6.201405354551170e-09,
5.758093537558612e-09,
-3.486359802190184e-09,
-5.073649333604121e-09,
1.475673659492696e-09,
3.939557943861991e-09,
-2.080159709510206e-10,
-2.676761191520493e-09,
-3.968892777562715e-10,
1.541512442179993e-09,
5.067736502702865e-10,
-6.975275345309074e-10,
-3.368547124817657e-10,
2.033878371578589e-10,
1.067781760123152e-10,
-1.588826490930639e-11,
2.006462679060543e-21,