2047,
-4.182458601491256e-21,
9.731650027655493e-11,
-9.275501548347922e-10,
-1.401249428326967e-09,
3.092569114855451e-09,
5.112701349953871e-09,
-5.125076211604159e-09,
-1.179183850465364e-08,
5.265408208333006e-09,
2.120539915997391e-08,
-1.675226733549677e-09,
-3.225277070205070e-08,
-7.214256876083902e-09,
4.301922425818585e-08,
2.236043458975162e-08,
-5.095734201028966e-08,
-4.381857977355295e-08,
5.318281387653470e-08,
7.054339500351540e-08,
-4.685682727555915e-08,
-1.003158359664282e-07,
2.961565424987524e-08,
1.298162010826886e-07,
6.177304864064098e-21,
-1.548496270743060e-07,
-4.216683915652835e-08,
1.707137975973439e-07,
9.550140245789102e-08,
-1.726823933857579e-07,
-1.569257455325155e-07,
1.565631817062550e-07,
2.217075417352785e-07,
-1.192781670806932e-07,
-2.836903388913162e-07,
5.940618520316244e-08,
3.357116004816694e-07,
2.237335067177782e-08,
-3.701869409497678e-07,
-1.229926622206845e-07,
3.798203737962127e-07,
2.369108818141443e-07,
-3.583842045741813e-07,
-3.562642154279436e-07,
3.015000740648513e-07,
4.712633218478089e-07,
-2.073459732643911e-07,
-5.708280244179526e-07,
7.721378909598347e-08,
6.434263645456064e-07,
8.415143509034066e-08,
-6.780630156401502e-07,
-2.684859373944311e-07,
6.653432360063847e-07,
4.642513144557012e-07,
-5.985247336843192e-07,
-6.571999139954461e-07,
4.744626116322108e-07,
8.312459310576130e-07,
-2.943530564998860e-07,
-9.695984230920406e-07,
6.419014100011754e-08,
1.056085749646793e-06,
2.051331206523302e-07,
-1.076578072145729e-06,
-4.981243284840559e-07,
1.020397724406671e-06,
7.954069974305958e-07,
-8.815983309671118e-07,
-1.074833336216122e-06,
6.599938208749919e-07,
1.312941667536679e-06,
-3.618286014847509e-07,
-1.486672670752093e-06,
7.708016295661994e-20,
1.575230042503868e-06,
4.062272669169356e-07,
-1.561949615302374e-06,
-8.320390603623548e-07,
1.436028688876936e-06,
1.248406158980371e-06,
-1.193965957201243e-06,
-1.623876524054338e-06,
8.405728369041441e-07,
1.926726040759761e-06,
-3.894392250295033e-07,
-2.127332000315773e-06,
-1.372301880732586e-07,
2.200605196036298e-06,
7.094507867149097e-07,
-2.128298774403531e-06,
-1.290957293292942e-06,
1.901007023357270e-06,
1.841309059164742e-06,
-1.519676352867158e-06,
-2.318492140195774e-06,
9.964740849983333e-07,
2.681862700362040e-06,
-3.548974996868429e-07,
-2.895238578779725e-06,
-3.709460242846749e-07,
2.929920090862193e-06,
1.137899877084701e-06,
-2.767410058122152e-06,
-1.896110216126946e-06,
2.401608478378318e-06,
2.592056648898993e-06,
-1.840279833031418e-06,
-3.172090652449409e-06,
1.105630208365617e-06,
3.586260976756053e-06,
-2.338853359964657e-07,
-3.792168435340704e-06,
-7.261737243144470e-07,
3.758572162035339e-06,
1.715687337969545e-06,
-3.468468156035673e-06,
-2.669100701860931e-06,
2.921380041004274e-06,
3.518275001734261e-06,
-2.134641298847582e-06,
-4.197082567196211e-06,
1.143506183789934e-06,
4.646190931239214e-06,
4.020541658603625e-19,
-4.817707437296939e-06,
-1.229495953452547e-06,
4.679344362074242e-06,
2.467839157555532e-06,
-4.217776585229200e-06,
-3.631724939138120e-06,
3.440900190390800e-06,
4.637031573942260e-06,
-2.378759856224200e-06,
-5.404583705456127e-06,
1.082992589926598e-06,
5.865956010006674e-06,
3.752692489497368e-07,
-5.968912525795297e-06,
-1.908987484861541e-06,
5.682077658110423e-06,
3.420143990539464e-06,
-4.998464092726388e-06,
-4.805743196001359e-06,
3.937540256555925e-06,
5.964540336419727e-06,
-2.545603093327254e-06,
-6.804072680836264e-06,
8.943263481458491e-07,
7.247524659581637e-06,
9.225258925440474e-07,
-7.239941696407684e-06,
-2.794103550812163e-06,
6.753324454939507e-06,
4.598949785691759e-06,
-5.790185755682263e-06,
-6.212595776602165e-06,
4.385234905431997e-06,
7.515813939214893e-06,
-2.604964571438352e-06,
-8.403000992121357e-06,
5.450474291782605e-07,
8.790123564308330e-06,
1.674404422761790e-06,
-8.621657471704920e-06,
-3.915514260700167e-06,
7.875989468707959e-06,
6.030902623882859e-06,
-6.568826645211074e-06,
-7.873061282792272e-06,
4.754270422505215e-06,
9.304262295317933e-06,
-2.523353411302276e-06,
-1.020635745938795e-05,
9.180463617313179e-20,
1.048979648175168e-05,
2.665454674739490e-06,
-1.010120983561456e-05,
-5.304879149474584e-06,
9.028965620270566e-06,
7.742623795306499e-06,
-7.306216711859505e-06,
-9.806855472117292e-06,
5.011099950606578e-06,
1.134123828113672e-05,
-2.263924995871893e-06,
-1.221619008392649e-05,
-7.786137320181249e-07,
1.233893395001248e-05,
3.931965312657293e-06,
-1.166160575355174e-05,
-6.994556787001541e-06,
1.018677344625845e-05,
9.760322259288238e-06,
-7.969866188485597e-06,
-1.203217029004287e-05,
5.118195137745076e-06,
1.363553262049747e-05,
-1.786461750389298e-06,
-1.443108977001845e-05,
-1.831119139012123e-06,
1.432578039249738e-05,
5.511720307769638e-06,
-1.328127345986308e-05,
-9.017245409949136e-06,
1.131921331464795e-05,
1.210934087230252e-05,
-8.522731269772273e-06,
-1.456515402248624e-05,
5.033943754852484e-06,
1.619282141882541e-05,
-1.047412695822608e-06,
-1.684564168078207e-05,
-3.200187035488482e-06,
1.643392632097770e-05,
7.443683177150267e-06,
-1.493363062781243e-05,
-1.140555171615976e-05,
1.239104035737745e-05,
1.481363611677189e-05,
-8.923020100011767e-06,
-1.741933493755012e-05,
4.712602741298604e-06,
1.901507121436764e-05,
-1.975447566360966e-18,
-1.944985128030214e-05,
-4.930577373713417e-06,
1.864179440781489e-05,
9.767604846972239e-06,
-1.658666632178433e-05,
-1.419148626687750e-05,
1.336167247505716e-05,
1.789519248920013e-05,
-9.124049168560275e-06,
-2.060499223344879e-05,
4.104315822119038e-06,
2.209990778288245e-05,
1.405599925096074e-06,
-2.222855330964280e-05,
-7.068803354325247e-06,
2.092212913525007e-05,
1.252355224733457e-05,
-1.820254724323166e-05,
-1.740588535055094e-05,
1.418494201107924e-05,
2.137337418260758e-05,
-9.074160065969158e-06,
-2.412847955179070e-05,
3.155204313721026e-06,
2.543995623965547e-05,
3.221994105044067e-06,
-2.516081302524331e-05,
-9.662711696115965e-06,
2.324150050747150e-05,
1.575135611548014e-05,
-1.973725920079547e-05,
-2.107776064613294e-05,
1.480890172108600e-05,
2.526421819437872e-05,
-8.716706187886116e-06,
-2.799150771942732e-05,
1.807538997472383e-06,
2.902216119639630e-05,
5.504223848650857e-06,
-2.821932996588227e-05,
-1.276097611932722e-05,
2.555983290593291e-05,
1.948997795545255e-05,
-2.114029494339708e-05,
-2.523357955440125e-05,
1.517569546890075e-05,
2.957967447438136e-05,
-7.990118386875020e-06,
-3.219039471537502e-05,
-1.060243152477956e-18,
3.282709681962113e-05,
8.309324373169961e-06,
-3.136985528196661e-05,
-1.641250253358616e-05,
2.782997055906410e-05,
2.377679764644898e-05,
-2.235439947922302e-05,
-2.989648061066054e-05,
1.522150365630832e-05,
3.432680016587791e-05,
-6.828057767776020e-06,
-3.671529208895036e-05,
-2.331969512419147e-06,
3.682827757178396e-05,
1.169579020646907e-05,
-3.457063423353115e-05,
-2.066574595897357e-05,
2.999729126593513e-05,
2.864682477872026e-05,
-2.331538375362133e-05,
-3.508542991745575e-05,
1.487657274053454e-05,
3.950691634915150e-05,
-5.159662808078902e-06,
-4.154939814902015e-05,
-5.255711324610339e-06,
4.099148116847552e-05,
1.572294487298181e-05,
-3.777188581897120e-05,
-2.556794081689686e-05,
3.199937994523465e-05,
3.413183839120543e-05,
-2.395201706886045e-05,
-4.081432600700201e-05,
1.406533731276532e-05,
4.511473694091202e-05,
-2.909896772748185e-06,
-4.666816917108410e-05,
-8.840798808412239e-06,
4.527409582861056e-05,
2.045021497964831e-05,
-4.091533161636468e-05,
-3.116424787395408e-05,
3.376577326569645e-05,
4.025946135384826e-05,
-2.418600789717394e-05,
-4.709106192390620e-05,
1.270664211166115e-05,
5.113748049737414e-05,
-3.158716133289530e-18,
-5.203854059902388e-05,
-1.315838075489713e-05,
4.962450420620115e-05,
2.593631049748996e-05,
-4.393378578749679e-05,
-3.749682277271839e-05,
3.521778604486852e-05,
4.705217714369873e-05,
-2.393208176876648e-05,
-5.391655457340038e-05,
1.071407004015922e-05,
5.755397658253426e-05,
3.651949918144561e-06,
-5.761817072423813e-05,
-1.828042264721494e-05,
5.398151645161647e-05,
3.223831474998198e-05,
-4.675081779976169e-05,
-4.460381270099306e-05,
3.626842927790506e-05,
5.452629816942351e-05,
-2.309816371496000e-05,
-6.128375247353474e-05,
7.996380757466483e-06,
6.433377906430963e-05,
8.130368725306806e-06,
-6.335471958130049e-05,
-2.427884738158304e-05,
5.827386464015891e-05,
3.941068933469648e-05,
-4.928049875496977e-05,
-5.251828929773070e-05,
3.682242857853993e-05,
6.269089606619261e-05,
-2.158567132604339e-05,
-6.917663394586385e-05,
4.458062753184447e-06,
7.143629915969735e-05,
1.352138731979277e-05,
-6.918517578358958e-05,
-3.122457924413199e-05,
6.241977031210509e-05,
4.750420088289440e-05,
-5.142724127252723e-05,
-6.126712733012321e-05,
3.677635048668260e-05,
7.154670547412802e-05,
-1.928992285880508e-05,
-7.756920844487169e-05,
3.165639402415964e-18,
7.880997123851466e-05,
1.991196713323415e-05,
-7.503524371488904e-05,
-3.918649675008236e-05,
6.632659608131503e-05,
5.656477816152741e-05,
-5.308574165755223e-05,
-7.086983996270273e-05,
3.601884253084477e-05,
8.108501369130941e-05,
-1.610066301960442e-05,
-8.642453412859601e-05,
-5.479747645461567e-06,
8.639146428782407e-05,
2.738891330928822e-05,
-8.081880287693017e-05,
-4.823030171106826e-05,
6.989059118151257e-05,
6.663230950424803e-05,
-5.414103159521330e-05,
-8.133738253509092e-05,
3.443099114299931e-05,
9.128654921961118e-05,
-1.190270707912261e-05,
-9.569376488091493e-05,
-1.208505313699760e-05,
9.410495151268999e-05,
3.603779183746218e-05,
-8.643745025410494e-05,
-5.841731357566058e-05,
7.299673942716898e-05,
7.773939187952507e-05,
-5.446864485821024e-05,
-9.267093763055948e-05,
3.188679952504843e-05,
1.021203825627549e-04,
-6.576701869182292e-06,
-1.053152397801280e-04,
-1.992072493721699e-05,
1.018614497821288e-04,
4.594175867589619e-05,
-9.178013528385907e-05,
-6.980319964484343e-05,
7.551871636832022e-05,
8.991004402333601e-05,
-5.393490250411608e-05,
-1.048606948129597e-04,
2.825378537910847e-05,
1.135428526557390e-04,
-2.258232793320864e-18,
-1.152136274405929e-04,
-2.909141071117486e-05,
1.095582395028301e-04,
5.718031070027130e-05,
-9.672289540507609e-05,
-8.243665315616527e-05,
7.731896041652827e-05,
1.031583969386952e-04,
-5.239731778463917e-05,
-1.178846386946886e-04,
2.339369606052673e-05,
1.254965319685218e-04,
7.952358652834612e-06,
-1.252991367072561e-04,
-3.970041106889778e-05,
1.170783739989484e-04,
6.982797000281655e-05,
-1.011286981887260e-04,
-9.635803241445613e-05,
7.824886041555749e-05,
1.174873756510760e-04,
-4.970511950333647e-05,
-1.317073589338879e-04,
1.716333621493609e-05,
1.379092426004567e-04,
1.740656647792346e-05,
-1.354668038298939e-04,
-5.184841441638725e-05,
1.242902855763670e-04,
8.395291459299113e-05,
-1.048473937277312e-04,
-1.115979750783769e-04,
7.814905952739975e-05,
1.328873863649336e-04,
-4.569988985433862e-05,
-1.462788953047737e-04,
9.415500340895518e-06,
1.506931345304474e-04,
2.848887931038231e-05,
-1.455958644570942e-04,
-6.563216588529847e-05,
1.310474931352762e-04,
9.961556987854274e-05,
-1.077157782670182e-04,
-1.281760023482641e-04,
7.684987240290992e-05,
1.493350230479730e-04,
-4.021630986319447e-05,
-1.615336300988924e-04,
-1.625976338516468e-19,
1.637438355741611e-04,
4.132437223896175e-05,
-1.555492165394406e-04,
-8.114308509092388e-05,
1.371884134436121e-04,
1.168671763905148e-04,
-1.095577669774251e-04,
-1.460991280948651e-04,
7.417180940527119e-05,
1.667918069301295e-04,
-3.308300244202649e-05,
-1.773892387534240e-04,
-1.123522740579017e-05,
1.769396804836924e-04,
5.603563530399765e-05,
-1.651729774820928e-04,
-9.846584908111773e-05,
1.425362749693337e-04,
1.357483500154510e-04,
-1.101846703012697e-04,
-1.653604878754306e-04,
6.992619814517233e-05,
1.852029713953623e-04,
-2.412345976475679e-05,
-1.937457077164682e-04,
-2.444294424142495e-05,
1.901410239599491e-04,
7.274142657966498e-05,
-1.742961355971542e-04,
-1.176769582506191e-04,
1.468991294557769e-04,
1.562876514715408e-04,
-1.093955643952680e-04,
-1.859380022545065e-04,
6.391588875135009e-05,
2.044963032127013e-04,
-1.315703816103352e-05,
-2.104844260921741e-04,
-3.977539151585200e-05,
2.031896390777776e-04,
9.155530227709196e-05,
-1.827302920220873e-04,
-1.388433041760493e-04,
1.500699521624509e-04,
1.785001818705138e-04,
-1.069777418268820e-04,
-2.077930878280841e-04,
5.593602510985132e-05,
2.245810489368444e-04,
4.914474797776127e-18,
-2.274673544937528e-04,
-5.738304291437381e-05,
2.159081986775648e-04,
1.125842455525538e-04,
-1.902694847208868e-04,
-1.620207592494670e-04,
1.518268168173464e-04,
2.023862208987842e-04,
-1.027072237841713e-04,
-2.308694277834092e-04,
4.577485970955739e-05,
2.453468925360421e-04,
1.553342194844464e-05,
-2.445362706859576e-04,
-7.741335895715812e-05,
2.280998325637555e-04,
1.359273176533887e-04,
-1.966900808756130e-04,
-1.872528086265455e-04,
1.519331257417136e-04,
2.279299233843592e-04,
-9.634930954849808e-05,
-2.550918116439978e-04,
3.321458465391855e-05,
2.666630067864544e-04,
3.362996648329085e-05,
-2.615120869133156e-04,
-1.000095694599903e-04,
2.395477477494813e-04,
1.616743568949879e-04,
-2.017507177777057e-04,
-2.145692453431907e-04,
1.501378691829725e-04,
2.550980887391686e-04,
-8.765913272794820e-05,
-2.803650509661782e-04,
1.803214572965245e-05,
2.883771765935146e-04,
5.447632578239289e-05,
-2.781942281456794e-04,
-1.253095158613901e-04,
2.500148923344106e-04,
1.899047527614696e-04,
-2.051922650639649e-04,
-2.439849494732402e-04,
1.461758804454509e-04,
2.838390159193746e-04,
-7.638218658314691e-05,
-3.065729740661625e-04,
-1.310472596189601e-17,
3.103149870142096e-04,
7.825820580110203e-05,
-2.943600536400781e-04,
-1.534445886463741e-04,
2.592436356804059e-04,
2.206863242049770e-04,
-2.067377725696877e-04,
-2.754987718921763e-04,
1.397680446881347e-04,
3.140814540585643e-04,
-6.225477244328311e-05,
-3.335774982296572e-04,
-2.111323001589654e-05,
3.322790621615123e-04,
1.051595099752394e-04,
-3.097642959634828e-04,
-1.845387991787347e-04,
2.669554280548952e-04,
2.540743330589991e-04,
-2.060923578557846e-04,
-3.090925425729694e-04,
1.306214089122783e-04,
3.457336557101047e-04,
-4.500431536690234e-05,
-3.612177721091266e-04,
-4.554226122187632e-05,
3.540483331065358e-04,
1.353616979120043e-04,
-3.241384815976601e-04,
-2.187080299526814e-04,
2.728503914302484e-04,
2.901106654887328e-04,
-2.029429751449816e-04,
-3.447302223695233e-04,
1.184291282058632e-04,
3.786825355658904e-04,
-2.434947936479312e-05,
-3.893093739049899e-04,
-7.352487998280747e-05,
3.753773029898677e-04,
1.690433791023229e-04,
-3.371902849764015e-04,
-2.560595128741403e-04,
2.766067790885887e-04,
3.288232167301806e-04,
-1.969579923366493e-04,
-3.823572159489297e-04,
1.028701680701385e-04,
4.127929324410506e-04,
-2.132505399599757e-17,
-4.176435421228466e-04,
-1.053019762509210e-04,
3.959952653070428e-04,
2.063802119481106e-04,
-3.486027526267350e-04,
-2.966915920733837e-04,
2.778802242906060e-04,
3.702255172418095e-04,
-1.877864840691670e-04,
-4.218998619279088e-04,
8.360866368539889e-05,
4.479069660082364e-04,
2.834386591869522e-05,
-4.459864047370477e-04,
-1.411179767793080e-04,
4.156054160429235e-04,
2.475451913128269e-04,
-3.580333150764579e-04,
-3.406938364939770e-04,
2.763026764150427e-04,
4.143166421171439e-04,
-1.750571252180730e-04,
-4.632651143673509e-04,
6.029281296774628e-05,
4.838434719232089e-04,
6.099239684069429e-05,
-4.740781588249188e-04,
-1.812217929513475e-04,
4.338837810111896e-04,
2.927094244147370e-04,
-3.651124800548786e-04,
-3.881475788680156e-04,
2.714808951080423e-04,
4.610814506138881e-04,
-1.583765390139562e-04,
-5.063404276062917e-04,
3.255314937361505e-05,
5.203974891723727e-04,
9.826812222310994e-05,
-5.016321352499405e-04,
-2.258684254647891e-04,
4.504778550183326e-04,
3.420435166533884e-04,
-3.694420694224106e-04,
-4.391269727726189e-04,
2.629943368922862e-04,
5.104912095557372e-04,
-1.373269146503612e-04,
-5.509938540004136e-04,
1.696594501737933e-17,
5.573397610706541e-04,
1.405083896981752e-04,
-5.283336604614654e-04,
-2.753214034343086e-04,
4.650048173317566e-04,
3.957197179791709e-04,
-3.705928216023530e-04,
-4.937006798225245e-04,
2.503922212246844e-04,
5.625046640191291e-04,
-1.114626572944762e-04,
-5.970743615012007e-04,
-3.778011914379035e-05,
5.944161954469736e-04,
1.880690280668958e-04,
-5.538385980633498e-04,
-3.298562829177344e-04,
4.770491455301034e-04,
4.539150196758609e-04,
-3.681011272864162e-04,
-5.519343269162369e-04,
2.331894996219067e-04,
6.170696323602898e-04,
-8.030576369074092e-05,
-6.444123752083526e-04,
-8.122949118372744e-05,
6.313472088651458e-04,
2.413294213056664e-04,
-5.777714137475987e-04,
-3.897654944986838e-04,
4.861593929955250e-04,
5.168154452613890e-04,
-3.614645933613746e-04,
-6.138939120603390e-04,
2.108613655637717e-04,
6.741252220597865e-04,
-4.333952159055600e-05,
-6.928205440887338e-04,
-1.308259892377632e-04,
6.678268523090490e-04,
3.006994060296539e-04,
-5.997225544683946e-04,
-4.553649188018152e-04,
4.918438179435413e-04,
5.846218540048689e-04,
-3.501360302614939e-04,
-6.796503914066820e-04,
1.828358246613508e-04,
7.336047906858580e-04,
-7.283911856168042e-18,
-7.420947310230524e-04,
-1.870922269601111e-04,
7.035215787316781e-04,
3.666285403963377e-04,
-6.192448603447321e-04,
-5.270026937391200e-04,
4.935644448450541e-04,
6.575576807938613e-04,
-3.335153192041282e-04,
-7.492857568486071e-04,
1.484836793917306e-04,
7.954398164204076e-04,
5.033538686407559e-05,
-7.920152212617483e-04,
-2.506078191086578e-04,
7.380684618741491e-04,
4.396184840029048e-04,
-6.358486266617897e-04,
-6.050709345621359e-04,
4.907289885465176e-04,
7.358791861229296e-04,
-3.109384196837082e-04,
-8.229010235867049e-04,
1.071050483103694e-04,
8.595649009868178e-04,
1.083632212154879e-04,
-8.423481412907501e-04,
-3.220257789691035e-04,
7.710726041276050e-04,
5.202395031059108e-04,
-6.489947895817412e-04,
-6.900213030038661e-04,
4.826798560839252e-04,
8.198890068655170e-04,
-2.816624959352894e-04,
-9.006267070469533e-04,
5.791120169351242e-05,
9.259242136164073e-04,
1.748746876166253e-04,
-8.928470770731005e-04,
-4.020944808817356e-04,
8.021033685346589e-04,
6.091525157475280e-04,
-6.580855010640589e-04,
-7.823857348510931e-04,
4.686791278666137e-04,
9.099541167486797e-04,
-2.448457295419063e-04,
-9.826366043860595e-04,
-1.074712389598242e-17,
9.944798122722381e-04,
2.507833600211250e-04,
-9.432548776909935e-04,
-4.916872086663180e-04,
8.306889198064426e-04,
7.071386841652239e-04,
-6.624510515244226e-04,
-8.828041896744286e-04,
4.478879555740718e-04,
1.006529780124419e-03,
-1.995197731367287e-04,
-1.069166049097886e-03,
-6.767751827027214e-05,
1.065222470782941e-03,
3.371629228774263e-04,
-9.933056276118478e-04,
-5.918422012828513e-04,
8.563083347602150e-04,
8.151394557511131e-04,
-6.613316369372967e-04,
-9.920621252766915e-04,
4.193381124987803e-04,
1.110191803436343e-03,
-1.445518715974880e-04,
-1.160536345869741e-03,
-1.463629787856893e-04,
1.138185935653883e-03,
4.352988562188794e-04,
-1.042726768185228e-03,
-7.038174719111568e-04,
8.783801996901470e-04,
9.343113285629322e-04,
-6.538517574867280e-04,
-1.111141694052847e-03,
3.818923495167373e-04,
1.221680505344962e-03,
-7.859223896203985e-05,
-1.257187930545340e-03,
-2.375542735947132e-04,
1.213465997674958e-03,
5.467601070399809e-04,
-1.091241346588940e-03,
-8.291668138838478e-04,
8.962460760061238e-04,
1.066101778092071e-03,
-6.389839194132701e-04,
-1.241292700930822e-03,
3.341885009825183e-04,
1.341961594853163e-03,
-3.468825777721738e-17,
-1.359726132228797e-03,
-3.430950384195259e-04,
1.291246500687125e-03,
6.734999517591508e-04,
-1.138570368320010e-03,
-9.698468343779323e-04,
9.091463556433387e-04,
1.212356261019031e-03,
-6.154965139331732e-04,
-1.384132664686356e-03,
2.745595185619802e-04,
1.472312017748973e-03,
9.326270005185853e-05,
-1.468985586796587e-03,
-4.653026672731675e-04,
1.371835617841699e-03,
8.180004729058206e-04,
-1.184435227508218e-03,
-1.128370501357128e-03,
9.161846102970180e-04,
1.375471966632201e-03,
-5.818777684321693e-04,
-1.541790811462133e-03,
2.009170060103870e-04,
1.614443624349429e-03,
2.037850114578029e-04,
-1.586122994572339e-03,
-6.071551678650921e-04,
1.455717762118069e-03,
9.834838844117073e-04,
-1.228560187844518e-03,
-1.308032266800973e-03,
9.162741291416735e-04,
1.558623799949914e-03,
-5.362225748577348e-04,
-1.717120233284387e-03,
1.105779173823609e-04,
1.770685767968625e-03,
3.349374172848595e-04,
-1.712754224954147e-03,
-7.725704265882677e-04,
1.543630044221802e-03,
1.174229319303680e-03,
-1.270674885792287e-03,
-1.513246638548436e-03,
9.080561006828654e-04,
1.766105400803359e-03,
-4.760599920345172e-04,
-1.914019137467101e-03,
9.521757802200220e-18,
1.944262685761677e-03,
4.912239507217981e-04,
-1.851163105380716e-03,
-9.668353493691415e-04,
1.636678600746675e-03,
1.396061571042779e-03,
-1.310516827009505e-03,
-1.750072734912561e-03,
8.897711385337854e-04,
2.003859800942938e-03,
-3.980826278759084e-04,
-2.137932961578846e-03,
-1.356345440263287e-04,
2.139728941139173e-03,
6.788388237066202e-04,
-2.004630465534006e-03,
-1.197287266953399e-03,
1.736522208376307e-03,
1.657131058069284e-03,
-1.347833846563147e-03,
-2.027055830631009e-03,
8.590510060021690e-04,
2.280335416215434e-03,
-2.977071104823970e-04,
-2.396668854950791e-03,
-3.030984465385924e-04,
2.363679726854866e-03,
9.065797793721698e-04,
-2.177973775009221e-03,
-1.474438717454430e-03,
1.845674584003899e-03,
1.969209393661388e-03,
-1.382386503582339e-03,
-2.356634359075708e-03,
8.125674462439519e-04,
2.607926872065872e-03,
-1.683297294529218e-04,
-2.701776149916880e-03,
-5.122773111409298e-04,
2.625963276301079e-03,
1.187415789556439e-03,
-2.378474730101511e-03,
-1.813922462821574e-03,
1.968027229075282e-03,
2.349947184915169e-03,
-1.413950381466696e-03,
-2.757611717202190e-03,
7.454107236571791e-04,
3.005527378905686e-03,
-3.900690854249771e-17,
-3.071012897876596e-03,
-7.782502693821497e-04,
2.941866303090109e-03,
1.541329125822956e-03,
-2.617566333554117e-03,
-2.240050535538911e-03,
2.109808615777408e-03,
2.827045564199215e-03,
-1.442318265648388e-03,
-3.259769251732033e-03,
6.499216490994252e-04,
3.503341875200941e-03,
2.230964915703659e-04,
-3.533047499282197e-03,
-1.125280956842430e-03,
3.336326465342568e-03,
2.000828721592545e-03,
-2.914122274387909e-03,
-2.792800302577127e-03,
2.281476088684502e-03,
3.446545574102352e-03,
-1.467302172180022e-03,
-3.913150630990967e-03,
5.133229015176482e-04,
4.152703764046799e-03,
5.278099608501129e-04,
-4.137181463985205e-03,
-1.595132924886733e-03,
3.852769774179448e-03,
2.622607152345103e-03,
-3.301461778050224e-03,
-3.542813337844033e-03,
2.501807392229277e-03,
4.290912700129739e-03,
-1.488735202079982e-03,
-4.808659414032842e-03,
3.124155693722442e-04,
5.048238974261776e-03,
9.638129854369862e-04,
-4.975708513868118e-03,
-2.266378974483074e-03,
4.573829256862307e-03,
3.515149027976747e-03,
-3.844107612333815e-03,
-4.627664216801382e-03,
2.807898766056446e-03,
5.523734219702424e-03,
-1.506473198383497e-03,
-6.130155753258417e-03,
4.015798081477455e-17,
6.385307822912749e-03,
1.634541620584723e-03,
-6.243375983649215e-03,
-3.306452720201346e-03,
5.677971394333525e-03,
4.915280650840377e-03,
-4.684937781331148e-03,
-6.355483505669108e-03,
3.284179596177793e-03,
7.521573014383110e-03,
-1.520396185196230e-03,
-8.313483946224500e-03,
-5.373321963317911e-04,
8.641898832590179e-03,
2.797092228308652e-03,
-8.433251607348924e-03,
-5.146730803350760e-03,
7.634143140973380e-03,
7.457326444813554e-03,
-6.214925386554089e-03,
-9.587286995822186e-03,
4.172247948167371e-03,
1.138672672291565e-02,
-1.530409570696521e-03,
-1.270165859077782e-02,
-1.658585073206116e-03,
1.337737104294613e-02,
5.316298797205008e-03,
-1.326008564671808e-02,
-9.340433952977786e-03,
1.219548576355560e-02,
1.360860507177974e-02,
-1.002167459033629e-02,
-1.798315166326473e-02,
6.551841470839752e-03,
2.231677579328160e-02,
-1.536445098941119e-03,
-2.645874453012981e-02,
-5.419765900165847e-03,
3.026136567420702e-02,
1.505414624583069e-02,
-3.358642814689123e-02,
-2.897998839357405e-02,
3.631129702141839e-02,
5.149864305940793e-02,
-3.833436761547945e-02,
-9.864891611889218e-02,
3.957961267548740e-02,
3.157986965781159e-01,
4.600000000000000e-01,
3.157986965781159e-01,
3.957961267548740e-02,
-9.864891611889218e-02,
-3.833436761547945e-02,
5.149864305940793e-02,
3.631129702141839e-02,
-2.897998839357405e-02,
-3.358642814689123e-02,
1.505414624583069e-02,
3.026136567420702e-02,
-5.419765900165847e-03,
-2.645874453012981e-02,
-1.536445098941119e-03,
2.231677579328160e-02,
6.551841470839752e-03,
-1.798315166326473e-02,
-1.002167459033629e-02,
1.360860507177974e-02,
1.219548576355560e-02,
-9.340433952977786e-03,
-1.326008564671808e-02,
5.316298797205008e-03,
1.337737104294613e-02,
-1.658585073206116e-03,
-1.270165859077782e-02,
-1.530409570696521e-03,
1.138672672291565e-02,
4.172247948167371e-03,
-9.587286995822186e-03,
-6.214925386554089e-03,
7.457326444813554e-03,
7.634143140973380e-03,
-5.146730803350760e-03,
-8.433251607348924e-03,
2.797092228308652e-03,
8.641898832590179e-03,
-5.373321963317911e-04,
-8.313483946224500e-03,
-1.520396185196230e-03,
7.521573014383110e-03,
3.284179596177793e-03,
-6.355483505669108e-03,
-4.684937781331148e-03,
4.915280650840377e-03,
5.677971394333525e-03,
-3.306452720201346e-03,
-6.243375983649215e-03,
1.634541620584723e-03,
6.385307822912749e-03,
4.015798081477455e-17,
-6.130155753258417e-03,
-1.506473198383497e-03,
5.523734219702424e-03,
2.807898766056446e-03,
-4.627664216801382e-03,
-3.844107612333815e-03,
3.515149027976747e-03,
4.573829256862307e-03,
-2.266378974483074e-03,
-4.975708513868118e-03,
9.638129854369862e-04,
5.048238974261776e-03,
3.124155693722442e-04,
-4.808659414032842e-03,
-1.488735202079982e-03,
4.290912700129739e-03,
2.501807392229277e-03,
-3.542813337844033e-03,
-3.301461778050224e-03,
2.622607152345103e-03,
3.852769774179448e-03,
-1.595132924886733e-03,
-4.137181463985205e-03,
5.278099608501129e-04,
4.152703764046799e-03,
5.133229015176482e-04,
-3.913150630990967e-03,
-1.467302172180022e-03,
3.446545574102352e-03,
2.281476088684502e-03,
-2.792800302577127e-03,
-2.914122274387909e-03,
2.000828721592545e-03,
3.336326465342568e-03,
-1.125280956842430e-03,
-3.533047499282197e-03,
2.230964915703659e-04,
3.503341875200941e-03,
6.499216490994252e-04,
-3.259769251732033e-03,
-1.442318265648388e-03,
2.827045564199215e-03,
2.109808615777408e-03,
-2.240050535538911e-03,
-2.617566333554117e-03,
1.541329125822956e-03,
2.941866303090109e-03,
-7.782502693821497e-04,
-3.071012897876596e-03,
-3.900690854249771e-17,
3.005527378905686e-03,
7.454107236571791e-04,
-2.757611717202190e-03,
-1.413950381466696e-03,
2.349947184915169e-03,
1.968027229075282e-03,
-1.813922462821574e-03,
-2.378474730101511e-03,
1.187415789556439e-03,
2.625963276301079e-03,
-5.122773111409298e-04,
-2.701776149916880e-03,
-1.683297294529218e-04,
2.607926872065872e-03,
8.125674462439519e-04,
-2.356634359075708e-03,
-1.382386503582339e-03,
1.969209393661388e-03,
1.845674584003899e-03,
-1.474438717454430e-03,
-2.177973775009221e-03,
9.065797793721698e-04,
2.363679726854866e-03,
-3.030984465385924e-04,
-2.396668854950791e-03,
-2.977071104823970e-04,
2.280335416215434e-03,
8.590510060021690e-04,
-2.027055830631009e-03,
-1.347833846563147e-03,
1.657131058069284e-03,
1.736522208376307e-03,
-1.197287266953399e-03,
-2.004630465534006e-03,
6.788388237066202e-04,
2.139728941139173e-03,
-1.356345440263287e-04,
-2.137932961578846e-03,
-3.980826278759084e-04,
2.003859800942938e-03,
8.897711385337854e-04,
-1.750072734912561e-03,
-1.310516827009505e-03,
1.396061571042779e-03,
1.636678600746675e-03,
-9.668353493691415e-04,
-1.851163105380716e-03,
4.912239507217981e-04,
1.944262685761677e-03,
9.521757802200220e-18,
-1.914019137467101e-03,
-4.760599920345172e-04,
1.766105400803359e-03,
9.080561006828654e-04,
-1.513246638548436e-03,
-1.270674885792287e-03,
1.174229319303680e-03,
1.543630044221802e-03,
-7.725704265882677e-04,
-1.712754224954147e-03,
3.349374172848595e-04,
1.770685767968625e-03,
1.105779173823609e-04,
-1.717120233284387e-03,
-5.362225748577348e-04,
1.558623799949914e-03,
9.162741291416735e-04,
-1.308032266800973e-03,
-1.228560187844518e-03,
9.834838844117073e-04,
1.455717762118069e-03,
-6.071551678650921e-04,
-1.586122994572339e-03,
2.037850114578029e-04,
1.614443624349429e-03,
2.009170060103870e-04,
-1.541790811462133e-03,
-5.818777684321693e-04,
1.375471966632201e-03,
9.161846102970180e-04,
-1.128370501357128e-03,
-1.184435227508218e-03,
8.180004729058206e-04,
1.371835617841699e-03,
-4.653026672731675e-04,
-1.468985586796587e-03,
9.326270005185853e-05,
1.472312017748973e-03,
2.745595185619802e-04,
-1.384132664686356e-03,
-6.154965139331732e-04,
1.212356261019031e-03,
9.091463556433387e-04,
-9.698468343779323e-04,
-1.138570368320010e-03,
6.734999517591508e-04,
1.291246500687125e-03,
-3.430950384195259e-04,
-1.359726132228797e-03,
-3.468825777721738e-17,
1.341961594853163e-03,
3.341885009825183e-04,
-1.241292700930822e-03,
-6.389839194132701e-04,
1.066101778092071e-03,
8.962460760061238e-04,
-8.291668138838478e-04,
-1.091241346588940e-03,
5.467601070399809e-04,
1.213465997674958e-03,
-2.375542735947132e-04,
-1.257187930545340e-03,
-7.859223896203985e-05,
1.221680505344962e-03,
3.818923495167373e-04,
-1.111141694052847e-03,
-6.538517574867280e-04,
9.343113285629322e-04,
8.783801996901470e-04,
-7.038174719111568e-04,
-1.042726768185228e-03,
4.352988562188794e-04,
1.138185935653883e-03,
-1.463629787856893e-04,
-1.160536345869741e-03,
-1.445518715974880e-04,
1.110191803436343e-03,
4.193381124987803e-04,
-9.920621252766915e-04,
-6.613316369372967e-04,
8.151394557511131e-04,
8.563083347602150e-04,
-5.918422012828513e-04,
-9.933056276118478e-04,
3.371629228774263e-04,
1.065222470782941e-03,
-6.767751827027214e-05,
-1.069166049097886e-03,
-1.995197731367287e-04,
1.006529780124419e-03,
4.478879555740718e-04,
-8.828041896744286e-04,
-6.624510515244226e-04,
7.071386841652239e-04,
8.306889198064426e-04,
-4.916872086663180e-04,
-9.432548776909935e-04,
2.507833600211250e-04,
9.944798122722381e-04,
-1.074712389598242e-17,
-9.826366043860595e-04,
-2.448457295419063e-04,
9.099541167486797e-04,
4.686791278666137e-04,
-7.823857348510931e-04,
-6.580855010640589e-04,
6.091525157475280e-04,
8.021033685346589e-04,
-4.020944808817356e-04,
-8.928470770731005e-04,
1.748746876166253e-04,
9.259242136164073e-04,
5.791120169351242e-05,
-9.006267070469533e-04,
-2.816624959352894e-04,
8.198890068655170e-04,
4.826798560839252e-04,
-6.900213030038661e-04,
-6.489947895817412e-04,
5.202395031059108e-04,
7.710726041276050e-04,
-3.220257789691035e-04,
-8.423481412907501e-04,
1.083632212154879e-04,
8.595649009868178e-04,
1.071050483103694e-04,
-8.229010235867049e-04,
-3.109384196837082e-04,
7.358791861229296e-04,
4.907289885465176e-04,
-6.050709345621359e-04,
-6.358486266617897e-04,
4.396184840029048e-04,
7.380684618741491e-04,
-2.506078191086578e-04,
-7.920152212617483e-04,
5.033538686407559e-05,
7.954398164204076e-04,
1.484836793917306e-04,
-7.492857568486071e-04,
-3.335153192041282e-04,
6.575576807938613e-04,
4.935644448450541e-04,
-5.270026937391200e-04,
-6.192448603447321e-04,
3.666285403963377e-04,
7.035215787316781e-04,
-1.870922269601111e-04,
-7.420947310230524e-04,
-7.283911856168042e-18,
7.336047906858580e-04,
1.828358246613508e-04,
-6.796503914066820e-04,
-3.501360302614939e-04,
5.846218540048689e-04,
4.918438179435413e-04,
-4.553649188018152e-04,
-5.997225544683946e-04,
3.006994060296539e-04,
6.678268523090490e-04,
-1.308259892377632e-04,
-6.928205440887338e-04,
-4.333952159055600e-05,
6.741252220597865e-04,
2.108613655637717e-04,
-6.138939120603390e-04,
-3.614645933613746e-04,
5.168154452613890e-04,
4.861593929955250e-04,
-3.897654944986838e-04,
-5.777714137475987e-04,
2.413294213056664e-04,
6.313472088651458e-04,
-8.122949118372744e-05,
-6.444123752083526e-04,
-8.030576369074092e-05,
6.170696323602898e-04,
2.331894996219067e-04,
-5.519343269162369e-04,
-3.681011272864162e-04,
4.539150196758609e-04,
4.770491455301034e-04,
-3.298562829177344e-04,
-5.538385980633498e-04,
1.880690280668958e-04,
5.944161954469736e-04,
-3.778011914379035e-05,
-5.970743615012007e-04,
-1.114626572944762e-04,
5.625046640191291e-04,
2.503922212246844e-04,
-4.937006798225245e-04,
-3.705928216023530e-04,
3.957197179791709e-04,
4.650048173317566e-04,
-2.753214034343086e-04,
-5.283336604614654e-04,
1.405083896981752e-04,
5.573397610706541e-04,
1.696594501737933e-17,
-5.509938540004136e-04,
-1.373269146503612e-04,
5.104912095557372e-04,
2.629943368922862e-04,
-4.391269727726189e-04,
-3.694420694224106e-04,
3.420435166533884e-04,
4.504778550183326e-04,
-2.258684254647891e-04,
-5.016321352499405e-04,
9.826812222310994e-05,
5.203974891723727e-04,
3.255314937361505e-05,
-5.063404276062917e-04,
-1.583765390139562e-04,
4.610814506138881e-04,
2.714808951080423e-04,
-3.881475788680156e-04,
-3.651124800548786e-04,
2.927094244147370e-04,
4.338837810111896e-04,
-1.812217929513475e-04,
-4.740781588249188e-04,
6.099239684069429e-05,
4.838434719232089e-04,
6.029281296774628e-05,
-4.632651143673509e-04,
-1.750571252180730e-04,
4.143166421171439e-04,
2.763026764150427e-04,
-3.406938364939770e-04,
-3.580333150764579e-04,
2.475451913128269e-04,
4.156054160429235e-04,
-1.411179767793080e-04,
-4.459864047370477e-04,
2.834386591869522e-05,
4.479069660082364e-04,
8.360866368539889e-05,
-4.218998619279088e-04,
-1.877864840691670e-04,
3.702255172418095e-04,
2.778802242906060e-04,
-2.966915920733837e-04,
-3.486027526267350e-04,
2.063802119481106e-04,
3.959952653070428e-04,
-1.053019762509210e-04,
-4.176435421228466e-04,
-2.132505399599757e-17,
4.127929324410506e-04,
1.028701680701385e-04,
-3.823572159489297e-04,
-1.969579923366493e-04,
3.288232167301806e-04,
2.766067790885887e-04,
-2.560595128741403e-04,
-3.371902849764015e-04,
1.690433791023229e-04,
3.753773029898677e-04,
-7.352487998280747e-05,
-3.893093739049899e-04,
-2.434947936479312e-05,
3.786825355658904e-04,
1.184291282058632e-04,
-3.447302223695233e-04,
-2.029429751449816e-04,
2.901106654887328e-04,
2.728503914302484e-04,
-2.187080299526814e-04,
-3.241384815976601e-04,
1.353616979120043e-04,
3.540483331065358e-04,
-4.554226122187632e-05,
-3.612177721091266e-04,
-4.500431536690234e-05,
3.457336557101047e-04,
1.306214089122783e-04,
-3.090925425729694e-04,
-2.060923578557846e-04,
2.540743330589991e-04,
2.669554280548952e-04,
-1.845387991787347e-04,
-3.097642959634828e-04,
1.051595099752394e-04,
3.322790621615123e-04,
-2.111323001589654e-05,
-3.335774982296572e-04,
-6.225477244328311e-05,
3.140814540585643e-04,
1.397680446881347e-04,
-2.754987718921763e-04,
-2.067377725696877e-04,
2.206863242049770e-04,
2.592436356804059e-04,
-1.534445886463741e-04,
-2.943600536400781e-04,
7.825820580110203e-05,
3.103149870142096e-04,
-1.310472596189601e-17,
-3.065729740661625e-04,
-7.638218658314691e-05,
2.838390159193746e-04,
1.461758804454509e-04,
-2.439849494732402e-04,
-2.051922650639649e-04,
1.899047527614696e-04,
2.500148923344106e-04,
-1.253095158613901e-04,
-2.781942281456794e-04,
5.447632578239289e-05,
2.883771765935146e-04,
1.803214572965245e-05,
-2.803650509661782e-04,
-8.765913272794820e-05,
2.550980887391686e-04,
1.501378691829725e-04,
-2.145692453431907e-04,
-2.017507177777057e-04,
1.616743568949879e-04,
2.395477477494813e-04,
-1.000095694599903e-04,
-2.615120869133156e-04,
3.362996648329085e-05,
2.666630067864544e-04,
3.321458465391855e-05,
-2.550918116439978e-04,
-9.634930954849808e-05,
2.279299233843592e-04,
1.519331257417136e-04,
-1.872528086265455e-04,
-1.966900808756130e-04,
1.359273176533887e-04,
2.280998325637555e-04,
-7.741335895715812e-05,
-2.445362706859576e-04,
1.553342194844464e-05,
2.453468925360421e-04,
4.577485970955739e-05,
-2.308694277834092e-04,
-1.027072237841713e-04,
2.023862208987842e-04,
1.518268168173464e-04,
-1.620207592494670e-04,
-1.902694847208868e-04,
1.125842455525538e-04,
2.159081986775648e-04,
-5.738304291437381e-05,
-2.274673544937528e-04,
4.914474797776127e-18,
2.245810489368444e-04,
5.593602510985132e-05,
-2.077930878280841e-04,
-1.069777418268820e-04,
1.785001818705138e-04,
1.500699521624509e-04,
-1.388433041760493e-04,
-1.827302920220873e-04,
9.155530227709196e-05,
2.031896390777776e-04,
-3.977539151585200e-05,
-2.104844260921741e-04,
-1.315703816103352e-05,
2.044963032127013e-04,
6.391588875135009e-05,
-1.859380022545065e-04,
-1.093955643952680e-04,
1.562876514715408e-04,
1.468991294557769e-04,
-1.176769582506191e-04,
-1.742961355971542e-04,
7.274142657966498e-05,
1.901410239599491e-04,
-2.444294424142495e-05,
-1.937457077164682e-04,
-2.412345976475679e-05,
1.852029713953623e-04,
6.992619814517233e-05,
-1.653604878754306e-04,
-1.101846703012697e-04,
1.357483500154510e-04,
1.425362749693337e-04,
-9.846584908111773e-05,
-1.651729774820928e-04,
5.603563530399765e-05,
1.769396804836924e-04,
-1.123522740579017e-05,
-1.773892387534240e-04,
-3.308300244202649e-05,
1.667918069301295e-04,
7.417180940527119e-05,
-1.460991280948651e-04,
-1.095577669774251e-04,
1.168671763905148e-04,
1.371884134436121e-04,
-8.114308509092388e-05,
-1.555492165394406e-04,
4.132437223896175e-05,
1.637438355741611e-04,
-1.625976338516468e-19,
-1.615336300988924e-04,
-4.021630986319447e-05,
1.493350230479730e-04,
7.684987240290992e-05,
-1.281760023482641e-04,
-1.077157782670182e-04,
9.961556987854274e-05,
1.310474931352762e-04,
-6.563216588529847e-05,
-1.455958644570942e-04,
2.848887931038231e-05,
1.506931345304474e-04,
9.415500340895518e-06,
-1.462788953047737e-04,
-4.569988985433862e-05,
1.328873863649336e-04,
7.814905952739975e-05,
-1.115979750783769e-04,
-1.048473937277312e-04,
8.395291459299113e-05,
1.242902855763670e-04,
-5.184841441638725e-05,
-1.354668038298939e-04,
1.740656647792346e-05,
1.379092426004567e-04,
1.716333621493609e-05,
-1.317073589338879e-04,
-4.970511950333647e-05,
1.174873756510760e-04,
7.824886041555749e-05,
-9.635803241445613e-05,
-1.011286981887260e-04,
6.982797000281655e-05,
1.170783739989484e-04,
-3.970041106889778e-05,
-1.252991367072561e-04,
7.952358652834612e-06,
1.254965319685218e-04,
2.339369606052673e-05,
-1.178846386946886e-04,
-5.239731778463917e-05,
1.031583969386952e-04,
7.731896041652827e-05,
-8.243665315616527e-05,
-9.672289540507609e-05,
5.718031070027130e-05,
1.095582395028301e-04,
-2.909141071117486e-05,
-1.152136274405929e-04,
-2.258232793320864e-18,
1.135428526557390e-04,
2.825378537910847e-05,
-1.048606948129597e-04,
-5.393490250411608e-05,
8.991004402333601e-05,
7.551871636832022e-05,
-6.980319964484343e-05,
-9.178013528385907e-05,
4.594175867589619e-05,
1.018614497821288e-04,
-1.992072493721699e-05,
-1.053152397801280e-04,
-6.576701869182292e-06,
1.021203825627549e-04,
3.188679952504843e-05,
-9.267093763055948e-05,
-5.446864485821024e-05,
7.773939187952507e-05,
7.299673942716898e-05,
-5.841731357566058e-05,
-8.643745025410494e-05,
3.603779183746218e-05,
9.410495151268999e-05,
-1.208505313699760e-05,
-9.569376488091493e-05,
-1.190270707912261e-05,
9.128654921961118e-05,
3.443099114299931e-05,
-8.133738253509092e-05,
-5.414103159521330e-05,
6.663230950424803e-05,
6.989059118151257e-05,
-4.823030171106826e-05,
-8.081880287693017e-05,
2.738891330928822e-05,
8.639146428782407e-05,
-5.479747645461567e-06,
-8.642453412859601e-05,
-1.610066301960442e-05,
8.108501369130941e-05,
3.601884253084477e-05,
-7.086983996270273e-05,
-5.308574165755223e-05,
5.656477816152741e-05,
6.632659608131503e-05,
-3.918649675008236e-05,
-7.503524371488904e-05,
1.991196713323415e-05,
7.880997123851466e-05,
3.165639402415964e-18,
-7.756920844487169e-05,
-1.928992285880508e-05,
7.154670547412802e-05,
3.677635048668260e-05,
-6.126712733012321e-05,
-5.142724127252723e-05,
4.750420088289440e-05,
6.241977031210509e-05,
-3.122457924413199e-05,
-6.918517578358958e-05,
1.352138731979277e-05,
7.143629915969735e-05,
4.458062753184447e-06,
-6.917663394586385e-05,
-2.158567132604339e-05,
6.269089606619261e-05,
3.682242857853993e-05,
-5.251828929773070e-05,
-4.928049875496977e-05,
3.941068933469648e-05,
5.827386464015891e-05,
-2.427884738158304e-05,
-6.335471958130049e-05,
8.130368725306806e-06,
6.433377906430963e-05,
7.996380757466483e-06,
-6.128375247353474e-05,
-2.309816371496000e-05,
5.452629816942351e-05,
3.626842927790506e-05,
-4.460381270099306e-05,
-4.675081779976169e-05,
3.223831474998198e-05,
5.398151645161647e-05,
-1.828042264721494e-05,
-5.761817072423813e-05,
3.651949918144561e-06,
5.755397658253426e-05,
1.071407004015922e-05,
-5.391655457340038e-05,
-2.393208176876648e-05,
4.705217714369873e-05,
3.521778604486852e-05,
-3.749682277271839e-05,
-4.393378578749679e-05,
2.593631049748996e-05,
4.962450420620115e-05,
-1.315838075489713e-05,
-5.203854059902388e-05,
-3.158716133289530e-18,
5.113748049737414e-05,
1.270664211166115e-05,
-4.709106192390620e-05,
-2.418600789717394e-05,
4.025946135384826e-05,
3.376577326569645e-05,
-3.116424787395408e-05,
-4.091533161636468e-05,
2.045021497964831e-05,
4.527409582861056e-05,
-8.840798808412239e-06,
-4.666816917108410e-05,
-2.909896772748185e-06,
4.511473694091202e-05,
1.406533731276532e-05,
-4.081432600700201e-05,
-2.395201706886045e-05,
3.413183839120543e-05,
3.199937994523465e-05,
-2.556794081689686e-05,
-3.777188581897120e-05,
1.572294487298181e-05,
4.099148116847552e-05,
-5.255711324610339e-06,
-4.154939814902015e-05,
-5.159662808078902e-06,
3.950691634915150e-05,
1.487657274053454e-05,
-3.508542991745575e-05,
-2.331538375362133e-05,
2.864682477872026e-05,
2.999729126593513e-05,
-2.066574595897357e-05,
-3.457063423353115e-05,
1.169579020646907e-05,
3.682827757178396e-05,
-2.331969512419147e-06,
-3.671529208895036e-05,
-6.828057767776020e-06,
3.432680016587791e-05,
1.522150365630832e-05,
-2.989648061066054e-05,
-2.235439947922302e-05,
2.377679764644898e-05,
2.782997055906410e-05,
-1.641250253358616e-05,
-3.136985528196661e-05,
8.309324373169961e-06,
3.282709681962113e-05,
-1.060243152477956e-18,
-3.219039471537502e-05,
-7.990118386875020e-06,
2.957967447438136e-05,
1.517569546890075e-05,
-2.523357955440125e-05,
-2.114029494339708e-05,
1.948997795545255e-05,
2.555983290593291e-05,
-1.276097611932722e-05,
-2.821932996588227e-05,
5.504223848650857e-06,
2.902216119639630e-05,
1.807538997472383e-06,
-2.799150771942732e-05,
-8.716706187886116e-06,
2.526421819437872e-05,
1.480890172108600e-05,
-2.107776064613294e-05,
-1.973725920079547e-05,
1.575135611548014e-05,
2.324150050747150e-05,
-9.662711696115965e-06,
-2.516081302524331e-05,
3.221994105044067e-06,
2.543995623965547e-05,
3.155204313721026e-06,
-2.412847955179070e-05,
-9.074160065969158e-06,
2.137337418260758e-05,
1.418494201107924e-05,
-1.740588535055094e-05,
-1.820254724323166e-05,
1.252355224733457e-05,
2.092212913525007e-05,
-7.068803354325247e-06,
-2.222855330964280e-05,
1.405599925096074e-06,
2.209990778288245e-05,
4.104315822119038e-06,
-2.060499223344879e-05,
-9.124049168560275e-06,
1.789519248920013e-05,
1.336167247505716e-05,
-1.419148626687750e-05,
-1.658666632178433e-05,
9.767604846972239e-06,
1.864179440781489e-05,
-4.930577373713417e-06,
-1.944985128030214e-05,
-1.975447566360966e-18,
1.901507121436764e-05,
4.712602741298604e-06,
-1.741933493755012e-05,
-8.923020100011767e-06,
1.481363611677189e-05,
1.239104035737745e-05,
-1.140555171615976e-05,
-1.493363062781243e-05,
7.443683177150267e-06,
1.643392632097770e-05,
-3.200187035488482e-06,
-1.684564168078207e-05,
-1.047412695822608e-06,
1.619282141882541e-05,
5.033943754852484e-06,
-1.456515402248624e-05,
-8.522731269772273e-06,
1.210934087230252e-05,
1.131921331464795e-05,
-9.017245409949136e-06,
-1.328127345986308e-05,
5.511720307769638e-06,
1.432578039249738e-05,
-1.831119139012123e-06,
-1.443108977001845e-05,
-1.786461750389298e-06,
1.363553262049747e-05,
5.118195137745076e-06,
-1.203217029004287e-05,
-7.969866188485597e-06,
9.760322259288238e-06,
1.018677344625845e-05,
-6.994556787001541e-06,
-1.166160575355174e-05,
3.931965312657293e-06,
1.233893395001248e-05,
-7.786137320181249e-07,
-1.221619008392649e-05,
-2.263924995871893e-06,
1.134123828113672e-05,
5.011099950606578e-06,
-9.806855472117292e-06,
-7.306216711859505e-06,
7.742623795306499e-06,
9.028965620270566e-06,
-5.304879149474584e-06,
-1.010120983561456e-05,
2.665454674739490e-06,
1.048979648175168e-05,
9.180463617313179e-20,
-1.020635745938795e-05,
-2.523353411302276e-06,
9.304262295317933e-06,
4.754270422505215e-06,
-7.873061282792272e-06,
-6.568826645211074e-06,
6.030902623882859e-06,
7.875989468707959e-06,
-3.915514260700167e-06,
-8.621657471704920e-06,
1.674404422761790e-06,
8.790123564308330e-06,
5.450474291782605e-07,
-8.403000992121357e-06,
-2.604964571438352e-06,
7.515813939214893e-06,
4.385234905431997e-06,
-6.212595776602165e-06,
-5.790185755682263e-06,
4.598949785691759e-06,
6.753324454939507e-06,
-2.794103550812163e-06,
-7.239941696407684e-06,
9.225258925440474e-07,
7.247524659581637e-06,
8.943263481458491e-07,
-6.804072680836264e-06,
-2.545603093327254e-06,
5.964540336419727e-06,
3.937540256555925e-06,
-4.805743196001359e-06,
-4.998464092726388e-06,
3.420143990539464e-06,
5.682077658110423e-06,
-1.908987484861541e-06,
-5.968912525795297e-06,
3.752692489497368e-07,
5.865956010006674e-06,
1.082992589926598e-06,
-5.404583705456127e-06,
-2.378759856224200e-06,
4.637031573942260e-06,
3.440900190390800e-06,
-3.631724939138120e-06,
-4.217776585229200e-06,
2.467839157555532e-06,
4.679344362074242e-06,
-1.229495953452547e-06,
-4.817707437296939e-06,
4.020541658603625e-19,
4.646190931239214e-06,
1.143506183789934e-06,
-4.197082567196211e-06,
-2.134641298847582e-06,
3.518275001734261e-06,
2.921380041004274e-06,
-2.669100701860931e-06,
-3.468468156035673e-06,
1.715687337969545e-06,
3.758572162035339e-06,
-7.261737243144470e-07,
-3.792168435340704e-06,
-2.338853359964657e-07,
3.586260976756053e-06,
1.105630208365617e-06,
-3.172090652449409e-06,
-1.840279833031418e-06,
2.592056648898993e-06,
2.401608478378318e-06,
-1.896110216126946e-06,
-2.767410058122152e-06,
1.137899877084701e-06,
2.929920090862193e-06,
-3.709460242846749e-07,
-2.895238578779725e-06,
-3.548974996868429e-07,
2.681862700362040e-06,
9.964740849983333e-07,
-2.318492140195774e-06,
-1.519676352867158e-06,
1.841309059164742e-06,
1.901007023357270e-06,
-1.290957293292942e-06,
-2.128298774403531e-06,
7.094507867149097e-07,
2.200605196036298e-06,
-1.372301880732586e-07,
-2.127332000315773e-06,
-3.894392250295033e-07,
1.926726040759761e-06,
8.405728369041441e-07,
-1.623876524054338e-06,
-1.193965957201243e-06,
1.248406158980371e-06,
1.436028688876936e-06,
-8.320390603623548e-07,
-1.561949615302374e-06,
4.062272669169356e-07,
1.575230042503868e-06,
7.708016295661994e-20,
-1.486672670752093e-06,
-3.618286014847509e-07,
1.312941667536679e-06,
6.599938208749919e-07,
-1.074833336216122e-06,
-8.815983309671118e-07,
7.954069974305958e-07,
1.020397724406671e-06,
-4.981243284840559e-07,
-1.076578072145729e-06,
2.051331206523302e-07,
1.056085749646793e-06,
6.419014100011754e-08,
-9.695984230920406e-07,
-2.943530564998860e-07,
8.312459310576130e-07,
4.744626116322108e-07,
-6.571999139954461e-07,
-5.985247336843192e-07,
4.642513144557012e-07,
6.653432360063847e-07,
-2.684859373944311e-07,
-6.780630156401502e-07,
8.415143509034066e-08,
6.434263645456064e-07,
7.721378909598347e-08,
-5.708280244179526e-07,
-2.073459732643911e-07,
4.712633218478089e-07,
3.015000740648513e-07,
-3.562642154279436e-07,
-3.583842045741813e-07,
2.369108818141443e-07,
3.798203737962127e-07,
-1.229926622206845e-07,
-3.701869409497678e-07,
2.237335067177782e-08,
3.357116004816694e-07,
5.940618520316244e-08,
-2.836903388913162e-07,
-1.192781670806932e-07,
2.217075417352785e-07,
1.565631817062550e-07,
-1.569257455325155e-07,
-1.726823933857579e-07,
9.550140245789102e-08,
1.707137975973439e-07,
-4.216683915652835e-08,
-1.548496270743060e-07,
6.177304864064098e-21,
1.298162010826886e-07,
2.961565424987524e-08,
-1.003158359664282e-07,
-4.685682727555915e-08,
7.054339500351540e-08,
5.318281387653470e-08,
-4.381857977355295e-08,
-5.095734201028966e-08,
2.236043458975162e-08,
4.301922425818585e-08,
-7.214256876083902e-09,
-3.225277070205070e-08,
-1.675226733549677e-09,
2.120539915997391e-08,
5.265408208333006e-09,
-1.179183850465364e-08,
-5.125076211604159e-09,
5.112701349953871e-09,
3.092569114855451e-09,
-1.401249428326967e-09,
-9.275501548347922e-10,
9.731650027655493e-11,
-4.182458601491256e-21,